56,54.713,175.38,37.762,92.102,-1.0642
57,43.5,174,41,100,-1.2854
58,35.5,174,41,100,-1.2502
59,19.5,174,41,100,-0.29542
60,3.5,182,41,100,-0.53093
369,608.89,179.41,24.322,59.321,0.42921
370,608.5,173.65,28.991,70.709,0.67742
371,608.5,173.65,28.991,70.709,-0.020537
372,608.5,173.65,28.991,70.709,0.048117
373,608.5,173.65,28.991,70.709,0.079239
374,608.89,179.41,24.322,59.321,-0.543
375,608.5,173.65,28.991,70.709,-0.65176
376,611.29,179.35,26.452,64.516,0.079818
377,608.5,173.65,28.991,70.709,-0.88349
378,608.5,173.65,28.991,70.709,-0.76235
379,608.5,173.65,28.991,70.709,-0.4274
380,608.5,173.65,28.991,70.709,0.0058181
381,608.5,173.65,28.991,70.709,-0.68555
382,608.5,173.65,28.991,70.709,0.058318
383,608.5,173.65,28.991,70.709,-0.27299
384,608.5,173.65,28.991,70.709,-0.3154
385,608.5,173.65,28.991,70.709,-0.51595
386,608.5,173.65,28.991,70.709,-0.31087
387,611.29,179.35,26.452,64.516,-0.41436
388,611.29,179.35,26.452,64.516,0.042135
389,611.29,179.35,26.452,64.516,-0.37643
390,608.5,173.65,28.991,70.709,-0.18771
391,608.5,173.65,28.991,70.709,-0.48126
392,611.29,179.35,26.452,64.516,0.066791
393,611.29,179.35,26.452,64.516,-0.12518
394,611.29,179.35,26.452,64.516,0.14723
395,611.29,179.35,26.452,64.516,-0.09383
396,611.29,179.35,26.452,64.516,-0.32493
397,611.29,179.35,26.452,64.516,-0.88516
398,613.63,184.16,24.322,59.321,-0.52485
399,613.63,188.91,24.322,59.321,-0.036675
400,611.29,189.68,26.452,64.516,-0.060863
401,613.63,193.66,24.322,59.321,-0.15635
403,615.78,208.36,22.334,54.474,-0.73764
416,541.77,204,22.334,54.474,0.4289
418,546.12,204,22.334,54.474,-0.035304
419,552,198.42,24.322,59.321,-0.22975
424,576.6,190.91,22.334,54.474,-1.2109
425,585.48,189.68,26.452,64.516,-1.1539
426,594.67,188.91,24.322,59.321,-1.1622
428,611.29,184.52,26.452,64.516,-1.1896
531,440.84,160.56,34.577,84.335,-1.4308
532,454.32,167.32,34.577,84.335,-1.235
533,459.5,158,41,100,-0.76195
534,467.5,158,41,100,-1.0409
535,475.5,158,41,100,-0.61664
536,483.5,158,41,100,-1.049
537,499.5,158,41,100,-0.76559
538,510.45,160.8,49.058,119.65,-0.66244
541,553.57,157.14,58.571,142.86,-0.95859
542,565.83,143.33,68.333,166.67,-0.42887
605,602.53,187.61,34.577,84.335,-1.3853
679,14.966,169.09,22.334,54.474,-0.70667
747,502.9,179.35,26.452,64.516,-1.3137
748,508.06,179.35,26.452,64.516,-1.3537
749,580.95,182.18,22.334,54.474,-1.0266
751,600.97,179.35,26.452,64.516,-1.0184
754,562.69,176.92,31.538,76.923,-1.2005
757,567.89,182.18,22.334,54.474,-0.63023
759,589.66,177.82,22.334,54.474,-1.3191
760,600.97,174.19,26.452,64.516,-0.31641
761,611.29,174.19,26.452,64.516,0.45045
764,556.54,158.46,31.538,76.923,-0.46035
765,575,164.62,31.538,76.923,-1.0714
766,587.5,150,41,100,-0.68629
767,595.5,150,41,100,-0.9216
769,595.5,150,41,100,-1.265
885,437.28,177.82,22.334,54.474,-1.156
891,454.32,153.8,34.577,84.335,-1.2905
892,504.59,179.41,24.322,59.321,-0.49899
893,514.07,179.41,24.322,59.321,0.24195
894,518.81,179.41,24.322,59.321,0.29729
895,523.55,174.19,26.452,64.516,-0.085795
896,533.87,174.19,26.452,64.516,-0.25422
897,591.5,162.35,28.991,70.709,-0.61493
898,550.38,170.77,31.538,76.923,-0.25709
899,562.69,164.62,31.538,76.923,0.78596
900,574.51,168,28.991,70.709,0.25963
901,587.31,164.62,31.538,76.923,0.7521
902,595.79,160.56,34.577,84.335,0.17524
903,562.11,167.32,34.577,84.335,-1.0826
954,567.89,177.82,22.334,54.474,-1.2292
955,575.16,174.19,26.452,64.516,0.27193
956,581.15,176.92,31.538,76.923,-1.4811
957,591.5,173.65,28.991,70.709,-0.41673
1023,518.69,174.78,53.647,130.85,-1.4793
1084,493.88,177.82,22.334,54.474,-0.97947
1085,498.23,177.82,22.334,54.474,-1.3845
1086,502.59,177.82,22.334,54.474,-1.1646
1088,513.23,174.19,26.452,64.516,-0.77263
1090,523.55,174.19,26.452,64.516,-1.1515
1091,559.18,182.18,22.334,54.474,0.48331
2121,433.48,179.41,24.322,59.321,-1.11
2122,441.63,186.55,22.334,54.474,-1.2306
2123,446.13,179.35,26.452,64.516,-0.22851
2124,457.19,184.16,24.322,59.321,-1.3219
2127,489.56,179.29,28.991,70.709,-0.72853
2128,501.15,176.92,31.538,76.923,-0.51735
2129,521.68,174.08,34.577,84.335,0.035251
2130,539.5,166,41,100,0.66234
2131,563.5,174,41,100,1.7112
2132,591.23,172.36,44.846,109.38,0.63467
2242,520,169.09,22.334,54.474,-0.73322
2248,549.35,179.35,26.452,64.516,-1.4614
2250,559.68,189.68,26.452,64.516,-0.89664
2251,563.19,184.94,28.991,70.709,-1.2744
2252,574.51,190.59,28.991,70.709,-1.416
2253,582.32,180.85,34.577,84.335,-1.2777
2255,602.53,187.61,34.577,84.335,-1.0037
3095,580.32,174.19,26.452,64.516,-0.79861
4085,599.62,170.77,31.538,76.923,-1.4466
4484,532.12,129.6,98.974,241.4,-1.3176
4511,528.71,174.19,26.452,64.516,-1.4493
4525,528.71,177.82,22.334,54.474,-1.4498
5105,371.92,170.77,31.538,76.923,-1.2531
5106,355.5,150,41,100,-0.44643
5107,339.5,150,41,100,-0.746
5108,334.25,160.62,37.762,92.102,-0.93879
5109,326.9,160.62,37.762,92.102,-0.88774
5110,84.626,173.45,22.334,54.474,-1.2397
5113,266.85,146.18,44.846,109.38,-0.15011
5114,258.08,154.91,44.846,109.38,0.53866
5115,243.5,158,41,100,-0.96266
5116,236.54,183.08,31.538,76.923,-1.3579
5117,219.5,166,41,100,-0.36627
5519,552,174.65,24.322,59.321,-1.4848
5520,564.84,174.19,26.452,64.516,-1.2233
5521,580.95,182.18,22.334,54.474,-0.14513
5522,600.97,179.35,26.452,64.516,-0.26821
5564,493.88,173.45,22.334,54.474,-0.71266
5566,518.81,169.9,24.322,59.321,-1.2075
5567,528.3,169.9,24.322,59.321,-1.4767
5569,557.52,162.35,28.991,70.709,-0.97937
5571,589.05,160.56,34.577,84.335,-1.4807
5673,506.55,173.65,28.991,70.709,-1.2269
5675,535.16,167.32,34.577,84.335,-1.0788
5677,579.5,158,41,100,-0.51979
5678,603.5,166,41,100,-0.78689
5768,552,179.41,24.322,59.321,-1.126
5769,580.18,173.65,28.991,70.709,-1.3345
5770,599.62,170.77,31.538,76.923,-0.47717
5807,552,179.41,24.322,59.321,-0.8452
5808,554.52,179.35,26.452,64.516,-1.1449
5810,568.85,179.29,28.991,70.709,-1.2793
5811,581.15,170.77,31.538,76.923,-0.74654
5812,593.46,176.92,31.538,76.923,-1.04
5869,427.31,183.08,31.538,76.923,-1.1259
5871,468.49,172.36,44.846,109.38,-1.4472
5872,503.56,172.36,44.846,109.38,-1.3886
6035,595.5,166,41,100,-1.3912
6489,424.22,186.55,22.334,54.474,-1.0611
6490,406.8,186.55,22.334,54.474,-1.2322
6491,367.62,182.18,22.334,54.474,0.74173
6492,345.85,182.18,22.334,54.474,1.2093
6493,341.5,182.18,22.334,54.474,0.65841
6494,293.61,182.18,22.334,54.474,1.0266
6495,267.48,177.82,22.334,54.474,0.17178
6496,258.78,177.82,22.334,54.474,0.20866
6497,205.93,174.65,24.322,59.321,0.46461
6498,172.58,174.19,26.452,64.516,1.313
6499,167.42,174.19,26.452,64.516,1.1789
6500,111.11,174.65,24.322,59.321,1.9269
6501,105.48,174.19,26.452,64.516,1.7072
6502,74.516,174.19,26.452,64.516,1.6483
6503,43.548,174.19,26.452,64.516,2.1539
6504,17.742,174.19,26.452,64.516,2.7466
6592,564.84,169.03,26.452,64.516,-0.79276
6593,563.54,173.45,22.334,54.474,-0.23825
6594,563.54,177.82,22.334,54.474,-1.2205
6595,580.95,186.55,22.334,54.474,-0.99059
6596,580.95,182.18,22.334,54.474,-1.3493
6597,585.31,182.18,22.334,54.474,-0.84036
6598,589.93,179.41,24.322,59.321,-1.1713
6729,79.091,185.45,74.545,181.82,-0.97498
6731,343,172,82,200,-0.74348
6732,423,172,82,200,-1.3662
6733,519,172,82,200,-1.3925
6967,519.62,170.77,31.538,76.923,-0.44279
6968,525.77,170.77,31.538,76.923,-1.2211
6969,519.62,170.77,31.538,76.923,0.072912
6970,519.62,170.77,31.538,76.923,-0.10269
6971,514.95,167.32,34.577,84.335,0.79229
6972,513.46,170.77,31.538,76.923,0.57324
6973,513.46,170.77,31.538,76.923,0.26337
6974,513.46,170.77,31.538,76.923,-0.7521
6975,513.46,170.77,31.538,76.923,-0.83264
6976,513.46,170.77,31.538,76.923,-0.68948
6977,507.31,170.77,31.538,76.923,-0.52596
6978,500.88,173.65,28.991,70.709,-1.4501
6989,494.74,174.08,34.577,84.335,-1.2475
6990,501.15,176.92,31.538,76.923,-0.72129
6991,507.31,176.92,31.538,76.923,-1.2139
6992,501.15,176.92,31.538,76.923,-0.57486
6993,508.21,174.08,34.577,84.335,-0.0037928
6994,508.21,174.08,34.577,84.335,-0.12199
6995,513.46,176.92,31.538,76.923,-0.030052
6996,513.46,176.92,31.538,76.923,-0.56353
6997,513.46,176.92,31.538,76.923,-0.070007
6998,519.62,176.92,31.538,76.923,0.38286
6999,521.68,174.08,34.577,84.335,0.68306
7000,521.68,174.08,34.577,84.335,0.43026
7001,525.77,176.92,31.538,76.923,0.069736
7002,528.42,174.08,34.577,84.335,0.56398
7003,528.42,174.08,34.577,84.335,-0.22987
7004,528.42,174.08,34.577,84.335,0.32788
7005,532.87,175.38,37.762,92.102,0.36671
7006,540.23,175.38,37.762,92.102,0.094691
7007,540.23,175.38,37.762,92.102,0.38447
7008,547.59,175.38,37.762,92.102,-0.65555
7009,525.52,175.38,37.762,92.102,-0.93134
7010,525.52,175.38,37.762,92.102,-0.37063
7011,531.5,166,41,100,0.30315
7012,571.5,166,41,100,0.4496
7013,579.5,166,41,100,1.5048
7014,587.5,174,41,100,0.41894
7015,600,163.64,44.846,109.38,-0.22043
7016,571.5,174,41,100,-0.14814
7017,571.15,153.91,53.647,130.85,-0.53038
7018,586.87,160.8,49.058,119.65,-0.067386
7019,592.13,153.91,53.647,130.85,-1.1305
7050,231,140,82,200,-1.1016
7060,575.58,180.85,34.577,84.335,-0.92433
7061,571.5,166,41,100,-0.98843
7062,577.01,168,37.762,92.102,-0.94296
7063,579.5,166,41,100,-0.18323
7064,579.5,166,41,100,-0.32911
7065,579.5,166,41,100,-0.17458
7066,579.5,166,41,100,-1.0272
7067,587.5,166,41,100,-0.60661
7068,587.5,166,41,100,-1.1626
7069,564.93,163.64,44.846,109.38,-1.233
7070,571.5,166,41,100,-0.65384
7071,603.5,166,41,100,-1.3943
7097,582.32,167.32,34.577,84.335,-0.71733
7098,599.62,170.77,31.538,76.923,-1.051
7099,605.77,176.92,31.538,76.923,-1.3506
7126,464.23,170.77,31.538,76.923,-0.86731
7127,439.62,170.77,31.538,76.923,-1.0259
7128,467.79,167.32,34.577,84.335,-1.3037
7131,434.11,174.08,34.577,84.335,-0.97572
7132,461.05,174.08,34.577,84.335,-0.82702
7133,454.32,174.08,34.577,84.335,-1.3067
7134,427.5,166,41,100,-0.1486
7135,429.89,175.38,37.762,92.102,-1.078
7136,440.84,180.85,34.577,84.335,-0.62031
7137,435.5,174,41,100,-0.55071
7138,437.24,182.77,37.762,92.102,-0.79632
7139,434.11,187.61,34.577,84.335,-0.1548
7140,429.89,182.77,37.762,92.102,-0.83073
7141,429.89,190.15,37.762,92.102,-0.89665
7142,422.53,190.15,37.762,92.102,-1.1379
7143,444.6,190.15,37.762,92.102,-0.87747
7144,400.46,190.15,37.762,92.102,-0.85868
7145,407.82,190.15,37.762,92.102,-0.46805
7146,393.1,197.54,37.762,92.102,-1.0794
7147,371.03,197.54,37.762,92.102,-1.2292
7148,348.97,197.54,37.762,92.102,0.10366
7149,304.83,197.54,37.762,92.102,-0.25605
7150,253.33,197.54,37.762,92.102,-0.84674
7151,195.5,190,41,100,-0.74177
7152,115.5,198,41,100,-0.47576
7153,35.5,198,41,100,-1.0005
7191,480.82,182.18,22.334,54.474,-0.49304
7192,480.89,179.41,24.322,59.321,-1.0084
7193,485.63,179.41,24.322,59.321,-0.93547
7194,492.58,179.35,26.452,64.516,-0.41349
7195,497.74,179.35,26.452,64.516,-0.4343
7196,508.06,179.35,26.452,64.516,-0.8199
7197,513.23,179.35,26.452,64.516,-1.1872
7198,519.62,170.77,31.538,76.923,-0.68113
7199,525.77,170.77,31.538,76.923,-1.3145
7200,531.92,170.77,31.538,76.923,-1.4694
7201,547.59,168,37.762,92.102,0.48913
7202,554.94,168,37.762,92.102,-0.63729
7203,569.66,160.62,37.762,92.102,-1.169
7204,579.5,158,41,100,-0.52073
7205,595.5,158,41,100,-1.0336
7249,472.11,169.09,22.334,54.474,-0.50769
7251,476.46,173.45,22.334,54.474,-0.72719
7252,502.59,173.45,22.334,54.474,-0.57793
7256,540.53,162.35,28.991,70.709,-0.5965
7260,424.22,177.82,22.334,54.474,-1.0818
7261,567.89,177.82,22.334,54.474,-1.1079
7262,419.86,177.82,22.334,54.474,1.1207
7263,415.16,174.19,26.452,64.516,-0.26941
7264,414.52,174.65,24.322,59.321,1.827
7265,409.78,174.65,24.322,59.321,1.9941
7266,405.04,174.65,24.322,59.321,2.0805
7267,404.84,174.19,26.452,64.516,0.78812
7268,394.52,174.19,26.452,64.516,1.3831
7269,432.92,162.35,28.991,70.709,-0.10157
7270,425.48,169.03,26.452,64.516,0.41815
7271,371.92,164.62,31.538,76.923,0.85231
7272,365.77,170.77,31.538,76.923,1.9496
7273,404.6,168,28.991,70.709,0.88807
7274,346.53,167.32,34.577,84.335,0.98003
7275,334.25,168,37.762,92.102,0.38657
7276,319.54,168,37.762,92.102,0.10705
7277,304.83,168,37.762,92.102,-0.022216
7278,291.5,166,41,100,0.88471
7279,283.5,166,41,100,-0.13198
7280,259.5,174,41,100,-1.0981
7281,251.5,174,41,100,-1.0545
7283,171.5,166,41,100,0.11204
7284,266.85,154.91,44.846,109.38,0.097923
7285,249.32,154.91,44.846,109.38,-0.14187
7286,106.21,175.38,37.762,92.102,0.83355
7287,203.93,143.48,53.647,130.85,-0.40945
7288,91.538,144.62,63.077,153.85,0.3916
7289,30.137,163.64,44.846,109.38,-0.22123
7290,151.48,143.48,53.647,130.85,1.6804
7291,19.167,143.33,68.333,166.67,1.0731
7292,284.9,169.09,22.334,54.474,-0.18807
7293,79.231,132.31,63.077,153.85,0.35919
7294,57.049,153.91,53.647,130.85,1.0928
7295,263.13,173.45,22.334,54.474,0.56728
7296,219.03,163.87,26.452,64.516,-0.39783
7297,167.35,177.82,22.334,54.474,-1.4647
7298,241.36,177.82,22.334,54.474,1.031
7306,77.926,184.16,24.322,59.321,1.2774
7307,44.741,184.16,24.322,59.321,-0.54913
7308,92.148,184.16,24.322,59.321,-0.089192
7309,102.04,190.91,22.334,54.474,0.29247
7310,144.3,184.16,24.322,59.321,0.35536
7311,125.33,184.16,24.322,59.321,0.16985
7312,115.85,184.16,24.322,59.321,0.92819
7313,110.09,173.65,28.991,70.709,0.094565
7314,105.48,184.52,26.452,64.516,0.39958
7315,158.52,188.91,24.322,59.321,1.8043
7316,296.45,179.35,26.452,64.516,-0.26196
7317,-10.909,129.6,98.974,241.4,-1.1201
7318,8.4848,129.6,98.974,241.4,-0.86918
7319,47.273,129.6,98.974,241.4,0.76895
7320,70.968,120,106.29,259.24,0.69205
7321,86.061,129.6,98.974,241.4,0.52374
7322,53.871,184.52,26.452,64.516,1.2517
7323,132.9,120,106.29,259.24,0.089229
7324,24.865,132.86,88.314,215.4,-0.054902
7325,42.162,132.86,88.314,215.4,1.3329
7326,59.459,132.86,88.314,215.4,1.9568
7327,256.77,120,106.29,259.24,0.83273
7328,298.06,120,106.29,259.24,0.79923
7329,128.65,132.86,88.314,215.4,2.1103
7330,357.58,129.6,98.974,241.4,0.66778
7331,380.65,120,106.29,259.24,0.50058
7332,202.42,129.6,98.974,241.4,1.5299
7333,232.43,132.86,88.314,215.4,0.88284
7334,260.61,129.6,98.974,241.4,0.26977
7399,467.14,131.43,117.14,285.71,-0.42478
7400,442.58,161.74,106.29,259.24,-1.031
7402,401.29,140.87,106.29,259.24,-0.95467
7403,396.36,148.8,98.974,241.4,-1.4389
7409,295,156,82,200,-0.31735
7410,284.32,150,88.314,215.4,-0.93941
7411,263,156,82,200,-1.4488
7415,215.14,150,88.314,215.4,-0.68058
7416,215,156,82,200,-0.55702
7417,199,156,82,200,-1.2772
7420,491.67,126.67,136.67,333.33,-1.3574
7421,472,120,130.47,318.22,-0.96653
7422,444.29,131.43,117.14,285.71,-1.1472
7423,438.33,100,136.67,333.33,-0.4242
7425,375.71,131.43,117.14,285.71,-1.3681
7427,112.5,170,68.333,166.67,-1.39
7428,360,140.28,34.577,84.335,-1.2215
7430,50,156.36,74.545,181.82,-1.3846
7433,215,172,82,200,-0.75044
7434,91.494,145.85,37.762,92.102,-1.2925
7481,559.18,177.82,22.334,54.474,0.33593
7482,567.89,182.18,22.334,54.474,-0.28351
7483,572.24,182.18,22.334,54.474,0.64917
7484,580.95,182.18,22.334,54.474,0.1962
7485,585.48,179.35,26.452,64.516,-0.19332
7533,515.65,177.82,22.334,54.474,-0.77204
7562,589.05,160.56,34.577,84.335,-0.60338
7674,576.6,173.45,22.334,54.474,0.40396
7675,572.24,173.45,22.334,54.474,0.22054
7676,566.22,169.9,24.322,59.321,0.19971
7677,561.48,169.9,24.322,59.321,2.2012
7678,554.83,173.45,22.334,54.474,2.1544
7680,542.52,169.9,24.322,59.321,0.87476
7681,537.78,169.9,24.322,59.321,1.8873
7682,528.3,174.65,24.322,59.321,1.1145
7683,518.81,169.9,24.322,59.321,0.67881
7684,514.07,169.9,24.322,59.321,0.45676
7685,504.59,169.9,24.322,59.321,0.053154
7686,499.85,169.9,24.322,59.321,0.3311
7687,495.11,174.65,24.322,59.321,-0.35227
7688,580.95,173.45,22.334,54.474,-0.82049
7689,576.6,173.45,22.334,54.474,-0.92562
7691,550.48,169.09,22.334,54.474,-0.70768
7692,537.78,165.15,24.322,59.321,-1.2556
7693,509.33,169.9,24.322,59.321,-1.044
7694,485.17,173.45,22.334,54.474,-1.0915
7697,466.67,169.9,24.322,59.321,-1.4929
7699,471.94,163.87,26.452,64.516,0.003933
7700,415.51,177.82,22.334,54.474,-1.2034
7702,444.25,162.35,28.991,70.709,-1.259
7703,571.5,158,41,100,-0.69092
7712,461.93,165.15,24.322,59.321,-1.4372
7720,348.97,153.23,37.762,92.102,-0.9036
7721,299.37,160.56,34.577,84.335,-1.0377
7722,238.74,160.56,34.577,84.335,-0.69658
7723,155.5,150,41,100,-1.3033
7724,76.782,153.23,37.762,92.102,-0.59051
7793,606.13,169.03,26.452,64.516,0.98561
7822,487.21,133.04,53.647,130.85,-1.4273
7825,445.25,143.48,53.647,130.85,-0.36679
7842,107.86,145.71,58.571,142.86,-1.0573
7843,96.429,145.71,58.571,142.86,-1.4143
7845,50.714,145.71,58.571,142.86,-1.1106
7846,27.857,157.14,58.571,142.86,-1.1715
7847,15.082,153.91,53.647,130.85,-0.092725
7891,4.5902,174.78,53.647,130.85,-1.451
7893,85,168.57,58.571,142.86,0.21333
7902,491.34,170.4,49.058,119.65,-0.79352
7904,567.76,170.4,49.058,119.65,-0.20559
7905,510.45,160.8,49.058,119.65,-1.0664
7907,548.66,170.4,49.058,119.65,-0.48852
7908,573.7,172.36,44.846,109.38,-0.95727
7909,586.87,160.8,49.058,119.65,-0.68648
7910,600,163.64,44.846,109.38,-1.2015
7953,597.17,173.65,28.991,70.709,-1.2643
7956,585.84,173.65,28.991,70.709,-0.89282
7957,585.84,173.65,28.991,70.709,-1.0448
7958,585.84,173.65,28.991,70.709,-0.62066
7959,585.48,174.19,26.452,64.516,-0.28862
7961,574.51,168,28.991,70.709,-0.47201
7962,574.51,168,28.991,70.709,-0.27692
7963,575.16,174.19,26.452,64.516,-0.24372
7964,568.85,168,28.991,70.709,0.84811
7965,568.85,168,28.991,70.709,0.51812
7966,570,174.19,26.452,64.516,0.0086271
7967,564.84,174.19,26.452,64.516,0.40007
7968,564.84,174.19,26.452,64.516,0.19054
7969,564.84,174.19,26.452,64.516,-0.55052
7970,559.68,174.19,26.452,64.516,0.8906
7971,559.68,174.19,26.452,64.516,0.64118
7972,554.52,174.19,26.452,64.516,-0.9687
7974,554.52,174.19,26.452,64.516,-0.049215
7975,554.52,174.19,26.452,64.516,-0.96965
7976,549.35,174.19,26.452,64.516,-0.66354
7977,549.35,174.19,26.452,64.516,0.021069
7978,549.35,174.19,26.452,64.516,-0.19057
7979,549.35,174.19,26.452,64.516,-1.008
7980,544.19,174.19,26.452,64.516,-0.31556
7981,547.26,174.65,24.322,59.321,-0.34546
7982,544.19,174.19,26.452,64.516,-1.0715
7983,542.52,174.65,24.322,59.321,-0.84678
7984,542.52,174.65,24.322,59.321,-0.1232
7985,541.77,177.82,22.334,54.474,-0.34477
7986,564.84,169.03,26.452,64.516,-0.75602
7987,537.78,174.65,24.322,59.321,-0.7754
7988,537.41,177.82,22.334,54.474,-0.24659
7990,533.04,174.65,24.322,59.321,0.36745
7991,533.04,174.65,24.322,59.321,-0.099281
7992,533.04,174.65,24.322,59.321,0.88294
7993,533.06,177.82,22.334,54.474,-0.96727
7994,528.3,174.65,24.322,59.321,-0.93913
7995,528.3,174.65,24.322,59.321,-0.65199
8099,434.11,167.32,34.577,84.335,-1.3992
8210,523.56,174.65,24.322,59.321,-0.52231
8211,537.78,174.65,24.322,59.321,-0.64983
8212,552,174.65,24.322,59.321,-1.4951
8214,587.31,170.77,31.538,76.923,-0.43773
8215,602.53,167.32,34.577,84.335,-1.3121
8353,435.5,158,41,100,-0.94037
8354,435.5,158,41,100,-0.22611
8355,435.5,158,41,100,-0.86508
8361,433.42,146.18,44.846,109.38,-0.66899
8362,434.75,143.48,53.647,130.85,-1.0832
8364,455.74,143.48,53.647,130.85,-1.1583
8365,473.57,134.29,58.571,142.86,-1.0108
8366,485.38,132.31,63.077,153.85,-0.78768
8368,512.5,130,68.333,166.67,-0.75823
8369,526.49,98.571,88.314,215.4,-0.86481
8370,543.78,115.71,88.314,215.4,-0.3914
8425,493.88,173.45,22.334,54.474,-0.44307
8426,499.85,174.65,24.322,59.321,-0.30462
8427,506.94,177.82,22.334,54.474,0.29557
8428,515.65,177.82,22.334,54.474,-1.1878
8429,514.07,179.41,24.322,59.321,-1.2015
8430,518.81,179.41,24.322,59.321,-0.022625
8431,523.55,179.35,26.452,64.516,-0.60373
8432,529.2,173.65,28.991,70.709,-0.36191
8433,539.03,179.35,26.452,64.516,-1.2538
8434,546.19,173.65,28.991,70.709,-1.4169
8435,551.86,173.65,28.991,70.709,-1.2257
8436,563.19,173.65,28.991,70.709,-0.50822
8438,585.84,173.65,28.991,70.709,-1.4132
8448,454.55,168,98.974,241.4,-1.3482
8450,376.97,148.8,98.974,241.4,-1.2651
8452,311,172,82,200,-1.0272
8454,219.17,196.67,68.333,166.67,-1.2734
8457,62.143,202.86,58.571,142.86,-0.93571
8459,503,172,82,200,0.81573
8460,423,172,82,200,-1.0887
8461,343,172,82,200,0.71157
8462,263,172,82,200,0.45802
8463,163.24,167.14,88.314,215.4,0.51482
8464,42.162,167.14,88.314,215.4,0.68554
8544,101.63,150.89,24.322,59.321,-1.2927
8642,576.6,177.82,22.334,54.474,-1.2394
8845,504.59,179.41,24.322,59.321,-1.3754
8846,616.45,179.35,26.452,64.516,-1.4073
8847,513.23,174.19,26.452,64.516,-1.3812
8852,555.5,158,41,100,-1.0594
8944,591.5,168,28.991,70.709,-1.1951
8945,602.83,168,28.991,70.709,-0.78347
9058,541.77,173.45,22.334,54.474,-1.2693
9059,550.48,177.82,22.334,54.474,-1.227
9060,559.18,177.82,22.334,54.474,-0.98639
9061,570.96,174.65,24.322,59.321,-1.0428
9064,606.13,174.19,26.452,64.516,-1.4608
9123,429.89,175.38,37.762,92.102,-1.0839
9124,435.5,174,41,100,-0.729
9125,435.5,174,41,100,-0.82949
9126,443.5,174,41,100,-0.60217
9127,443.5,174,41,100,-0.38862
9129,451.5,174,41,100,-1.2869
9130,459.5,174,41,100,-1.1427
9131,459.73,172.36,44.846,109.38,-0.89389
9132,467.5,174,41,100,-1.2509
9134,477.26,172.36,44.846,109.38,-1.2047
9136,575.7,174.65,24.322,59.321,-0.74324
9137,580.44,174.65,24.322,59.321,-1.1653
9141,529.55,170.4,49.058,119.65,-1.3318
9143,539.1,170.4,49.058,119.65,-1.4589
9146,547.5,166,41,100,-1.4304
9147,548.66,170.4,49.058,119.65,-1.4764
9149,539.67,164.35,53.647,130.85,-1.3414
9150,539.1,170.4,49.058,119.65,-0.50119
9151,547.5,166,41,100,-1.0636
9152,547.4,172.36,44.846,109.38,-1.1625
9155,558.21,170.4,49.058,119.65,-1.4588
9159,539.1,170.4,49.058,119.65,-1.4652
9160,538.63,172.36,44.846,109.38,-1.0581
9161,529.55,160.8,49.058,119.65,-0.94265
9167,503.56,163.64,44.846,109.38,-1.4724
9170,491.5,166,41,100,-1.2501
9186,589.93,169.9,24.322,59.321,-1.0663
9187,591.5,162.35,28.991,70.709,-0.57591
9188,595.81,169.03,26.452,64.516,-0.93873
9190,597.17,168,28.991,70.709,-0.85619
9191,600.97,169.03,26.452,64.516,-0.56217
9192,600.97,169.03,26.452,64.516,-0.24025
9193,602.83,168,28.991,70.709,-0.37056
9194,606.13,169.03,26.452,64.516,-0.54067
9195,608.5,168,28.991,70.709,-1.2855
9196,608.5,168,28.991,70.709,-0.56938
9197,608.5,168,28.991,70.709,-1.0632
9200,597.17,168,28.991,70.709,-0.63642
9202,600.97,174.19,26.452,64.516,-0.84064
9203,602.83,173.65,28.991,70.709,-1.1299
9204,602.83,173.65,28.991,70.709,-1.1075
9205,602.83,173.65,28.991,70.709,-0.90781
9206,608.5,173.65,28.991,70.709,-1.1928
9207,608.5,173.65,28.991,70.709,0.31165
9208,611.29,174.19,26.452,64.516,-0.61198
9209,608.5,173.65,28.991,70.709,-0.70208
9331,595.5,150,41,100,-1.3291
9336,476.46,182.18,22.334,54.474,-1.3405
9338,513.23,184.52,26.452,64.516,-1.4183
9343,593.46,176.92,31.538,76.923,-0.69967
9480,485.17,173.45,22.334,54.474,-1.4417
9494,552,169.9,24.322,59.321,-0.39648
9495,554.83,173.45,22.334,54.474,-0.9909
9496,561.48,169.9,24.322,59.321,-0.3535
9497,567.89,173.45,22.334,54.474,0.89725
9498,570.96,169.9,24.322,59.321,-0.76537
9499,575.16,169.03,26.452,64.516,0.52836
9500,580.32,169.03,26.452,64.516,-0.66479
9501,585.48,169.03,26.452,64.516,0.73776
9502,591.5,168,28.991,70.709,-0.41988
9503,595.81,169.03,26.452,64.516,0.847
9504,600.97,169.03,26.452,64.516,-0.29213
9505,608.5,162.35,28.991,70.709,-0.97217
9506,608.5,162.35,28.991,70.709,-1.2573
9615,21.37,111.27,44.846,109.38,-1.3086
9684,27.879,129.6,98.974,241.4,-1.1513
9687,112.26,120,106.29,259.24,-1.2688
9688,153.55,120,106.29,259.24,-0.43037
9690,236.13,120,106.29,259.24,-1.4657
9691,260.61,129.6,98.974,241.4,-1.2805
9693,318.71,120,106.29,259.24,-1.4103
9694,360,120,106.29,259.24,0.48758
9695,380.65,120,106.29,259.24,-0.059821
9696,421.94,120,106.29,259.24,-1.3545
9697,442.58,120,106.29,259.24,-0.17023
9698,463.23,120,106.29,259.24,-0.42498
9699,493.33,129.6,98.974,241.4,-0.49878
9700,103,156,82,200,-0.64315
9701,135,156,82,200,0.18939
9702,519,124,82,200,-0.35677
9703,535,124,82,200,0.19929
9704,532.12,110.4,98.974,241.4,-0.12371
9705,551,124,82,200,-0.43621
9706,561.08,115.71,88.314,215.4,-0.68936
9707,567,124,82,200,-0.15109
9708,295,140,82,200,-0.66455
9709,327,156,82,200,-1.1653
9710,343,140,82,200,-0.89445
9711,370,156.36,74.545,181.82,-0.53656
9712,388.11,132.86,88.314,215.4,-0.7592
9713,407,140,82,200,-0.87332
9714,439,140,82,200,-0.43443
9715,455,140,82,200,-0.38218
9716,487,140,82,200,-1.0424
9717,503,140,82,200,0.0020133
9718,526.49,132.86,88.314,215.4,-0.9383
9719,551,140,82,200,-0.47816
10030,478.23,179.29,28.991,70.709,-1.4158
10031,489.56,184.94,28.991,70.709,-1.2178
10032,501.15,183.08,31.538,76.923,-1.3774
10033,519.62,183.08,31.538,76.923,-0.94442
10034,528.42,180.85,34.577,84.335,-0.63085
10036,563.5,182,41,100,-0.83979
10037,586.87,170.4,49.058,119.65,-1.2888
10138,462.69,141.6,49.058,119.65,-0.95025
10142,386.92,132.31,63.077,153.85,-1.464
10144,362.31,132.31,63.077,153.85,-1.3145
10145,325.38,132.31,63.077,153.85,-1.0388
10146,311.82,112.73,74.545,181.82,-1.3957
10151,165.83,143.33,68.333,166.67,-1.4239
10153,94.054,98.571,88.314,215.4,-0.90224
10203,53.451,184.94,28.991,70.709,-0.8137
10205,15,183.08,31.538,76.923,-1.4683
10228,443.5,166,41,100,-1.0387
10257,534.87,173.65,28.991,70.709,0.02358
10258,540.53,173.65,28.991,70.709,0.067637
10259,534.87,173.65,28.991,70.709,-0.75767
10260,551.86,173.65,28.991,70.709,-0.4015
10261,557.52,173.65,28.991,70.709,-0.71423
10262,563.19,173.65,28.991,70.709,-0.24635
10263,531.92,176.92,31.538,76.923,0.17824
10264,574.51,179.29,28.991,70.709,-0.38953
10265,575.58,174.08,34.577,84.335,0.25284
10266,580.18,184.94,28.991,70.709,-1.2977
10267,580.18,184.94,28.991,70.709,-0.84895
10268,574.51,190.59,28.991,70.709,-1.1283
10269,464.23,183.08,31.538,76.923,-1.3107
10270,563.5,166,41,100,-1.4119
10271,548.63,187.61,34.577,84.335,-0.67774
10272,535.16,180.85,34.577,84.335,0.20328
10273,518.16,175.38,37.762,92.102,-0.64462
10274,491.5,174,41,100,-0.79106
10277,424.66,154.91,44.846,109.38,-0.37312
10281,266.89,153.91,53.647,130.85,-0.66656
10283,165.38,144.62,63.077,153.85,-1.4748
10286,21.37,163.64,44.846,109.38,-0.9888
10417,593.46,146.15,31.538,76.923,-1.1273
10482,594.01,186.55,22.334,54.474,0.61363
10483,604.15,184.16,24.322,59.321,-1.217
10729,51.923,152.31,31.538,76.923,-1.4139
10750,193.47,182.18,22.334,54.474,-1.402
10775,126.13,184.52,26.452,64.516,-1.464
10778,101.63,184.16,24.322,59.321,-1.2852
10956,4.1791,189.6,49.058,119.65,-1.4386
10958,88.525,185.22,53.647,130.85,-0.73995
10960,187.86,180,58.571,142.86,-1.1322
10961,239.23,169.23,63.077,153.85,-0.32151
10962,288.46,169.23,63.077,153.85,-0.51007
10963,352.5,156.67,68.333,166.67,-0.43693
10964,423,140,82,200,-0.19821
10965,503,140,82,200,0.5357
11033,466.67,160.4,24.322,59.321,-1.3808
11109,427.26,179.29,28.991,70.709,0.17322
11110,435.81,179.35,26.452,64.516,-0.062241
11111,514.07,169.9,24.322,59.321,-1.1121
11112,456.45,179.35,26.452,64.516,0.6721
11113,461.61,179.35,26.452,64.516,0.82168
11114,472.57,173.65,28.991,70.709,-1.0731
11115,482.26,179.35,26.452,64.516,-0.48348
11116,489.56,173.65,28.991,70.709,-0.36984
11117,495.22,173.65,28.991,70.709,-0.40843
11118,507.31,170.77,31.538,76.923,1.4483
11119,513.46,170.77,31.538,76.923,-0.21809
11120,523.55,179.35,26.452,64.516,0.17
11121,531.92,170.77,31.538,76.923,0.50728
11122,540.53,179.29,28.991,70.709,0.43912
11123,551.86,179.29,28.991,70.709,-0.67837
11124,563.19,179.29,28.991,70.709,-0.97028
11125,534.87,173.65,28.991,70.709,-0.38235
11126,540.53,173.65,28.991,70.709,-1.0277
11129,544.23,176.92,31.538,76.923,-1.0813
11130,546.19,179.29,28.991,70.709,-0.99546
11131,544.23,176.92,31.538,76.923,-0.86795
11132,548.63,167.32,34.577,84.335,-1.1074
11133,550.38,176.92,31.538,76.923,0.68841
11134,548.63,174.08,34.577,84.335,-0.47648
11135,555.37,174.08,34.577,84.335,-0.23427
11136,557.52,184.94,28.991,70.709,-0.8218
11139,457.19,188.91,24.322,59.321,-1.3898
11144,582.32,174.08,34.577,84.335,-1.2524
11145,582.32,180.85,34.577,84.335,-1.4953
11146,593.46,183.08,31.538,76.923,-0.8798
11147,593.46,183.08,31.538,76.923,-0.48695
11148,593.46,183.08,31.538,76.923,-0.69705
11149,595.79,180.85,34.577,84.335,-1.3079
11151,437.24,175.38,37.762,92.102,-0.89485
11152,595.5,166,41,100,-1.3243
11153,454.32,180.85,34.577,84.335,-1.311
11157,494.74,180.85,34.577,84.335,-1.259
11158,464.23,183.08,31.538,76.923,-0.494
11163,550.38,183.08,31.538,76.923,-1.4655
11164,599.62,183.08,31.538,76.923,-0.59856
11166,595.5,174,41,100,-1.2211
11167,591.72,175.38,37.762,92.102,-0.58373
11168,595.79,180.85,34.577,84.335,-0.75242
11169,599.62,183.08,31.538,76.923,-0.66024
11170,595.5,174,41,100,-0.82383
11173,477.1,189.68,26.452,64.516,-1.1394
11176,482.69,183.08,31.538,76.923,-1.1811
11177,483.89,184.94,28.991,70.709,-0.2963
11178,483.89,184.94,28.991,70.709,-0.8676
11179,488.85,183.08,31.538,76.923,-0.73684
11180,488.85,183.08,31.538,76.923,-1.2094
11181,602.53,187.61,34.577,84.335,-0.99401
11182,489.56,184.94,28.991,70.709,-1.2289
11188,501.47,180.85,34.577,84.335,-0.67222
11189,506.55,190.59,28.991,70.709,-1.1521
11190,507.31,183.08,31.538,76.923,-1.0316
11191,507.31,183.08,31.538,76.923,-0.96691
11192,508.21,180.85,34.577,84.335,0.43646
11193,513.46,183.08,31.538,76.923,-0.99707
11194,602.53,180.85,34.577,84.335,-1.0897
11198,602.53,180.85,34.577,84.335,-1.2279
11199,528.42,180.85,34.577,84.335,-0.54805
11200,528.42,180.85,34.577,84.335,-0.55402
11201,532.87,175.38,37.762,92.102,-0.071209
11205,540.23,182.77,37.762,92.102,-0.54844
11209,547.59,182.77,37.762,92.102,-0.65986
11210,547.59,182.77,37.762,92.102,-0.36436
11211,593.46,189.23,31.538,76.923,-1.2533
11212,547.5,174,41,100,-0.13434
11213,547.5,174,41,100,-0.42713
11214,547.59,182.77,37.762,92.102,-0.74416
11215,547.5,182,41,100,0.36644
11216,547.5,182,41,100,0.26023
11217,547.5,182,41,100,0.23839
11218,547.5,182,41,100,-0.69194
11219,539.5,182,41,100,-0.48775
11220,539.5,182,41,100,-0.15856
11221,547.5,182,41,100,-0.2201
11222,539.5,182,41,100,-0.57721
11223,539.5,182,41,100,-0.65041
11224,539.5,182,41,100,-1.0554
11230,547.5,182,41,100,-0.97648
11231,547.5,182,41,100,-0.73576
11232,538.63,181.09,44.846,109.38,-0.35427
11233,547.4,181.09,44.846,109.38,0.25925
11234,547.4,181.09,44.846,109.38,-0.088515
11235,547.4,181.09,44.846,109.38,0.27746
11236,547.4,181.09,44.846,109.38,-0.84456
11237,538.63,181.09,44.846,109.38,-0.30809
11238,538.63,181.09,44.846,109.38,-0.7104
11239,538.63,181.09,44.846,109.38,-0.15197
11240,538.63,181.09,44.846,109.38,-0.9482
11241,547.5,190,41,100,-0.40595
11242,547.4,181.09,44.846,109.38,0.11373
11243,547.4,181.09,44.846,109.38,0.26649
11244,547.4,181.09,44.846,109.38,0.50546
11245,555.5,190,41,100,0.61402
11246,579.5,190,41,100,-0.33186
11247,579.5,190,41,100,0.13632
11248,587.5,182,41,100,-0.47077
11249,548.66,180,49.058,119.65,-0.092339
11250,587.5,190,41,100,0.13848
11251,548.66,180,49.058,119.65,0.14347
11252,558.21,180,49.058,119.65,0.3237
11253,595.5,190,41,100,0.9494
11254,550.16,174.78,53.647,130.85,0.58103
11255,550.16,174.78,53.647,130.85,0.4457
11256,550.16,174.78,53.647,130.85,0.028645
11257,550.16,174.78,53.647,130.85,-0.51614
11258,560.66,174.78,53.647,130.85,-0.26465
11259,560.66,174.78,53.647,130.85,-0.51061
11260,553.57,168.57,58.571,142.86,-0.55775
11261,560.66,185.22,53.647,130.85,-0.014723
11262,565,168.57,58.571,142.86,-1.0575
11263,565,168.57,58.571,142.86,-1.4814
11264,576.43,180,58.571,142.86,-1.0884
11265,576.43,168.57,58.571,142.86,-1.4923
11289,587.86,168.57,58.571,142.86,-1.0337
11290,576.43,168.57,58.571,142.86,-0.50727
11291,576.43,168.57,58.571,142.86,0.24896
11292,565,168.57,58.571,142.86,0.99145
11293,560.66,174.78,53.647,130.85,1.5028
11294,553.57,168.57,58.571,142.86,1.1036
11295,550.16,174.78,53.647,130.85,1.5935
11296,542.14,168.57,58.571,142.86,0.8739
11297,539.67,174.78,53.647,130.85,0.0030638
11298,529.18,174.78,53.647,130.85,1.1666
11299,529.18,174.78,53.647,130.85,0.97607
11300,529.18,174.78,53.647,130.85,1.6671
11301,529.18,174.78,53.647,130.85,1.3855
11302,518.69,174.78,53.647,130.85,0.84893
11303,587.5,182,41,100,0.47407
11304,510.45,180,49.058,119.65,0.31979
11305,577.31,170.4,49.058,119.65,-0.5368
11306,491.34,170.4,49.058,119.65,0.10521
11307,472.24,170.4,49.058,119.65,-0.023933
11308,462.69,170.4,49.058,119.65,0.0089856
11309,453.13,170.4,49.058,119.65,0.99262
11310,434.03,170.4,49.058,119.65,-0.98333
11311,414.93,170.4,49.058,119.65,-1.1723
11312,407.82,190.15,37.762,92.102,-1.0847
11313,395.5,182,41,100,-0.84078
11314,380.82,172.36,44.846,109.38,-0.81058
11315,363.29,172.36,44.846,109.38,-0.76946
11316,345.75,172.36,44.846,109.38,-0.77891
11317,336.99,172.36,44.846,109.38,-0.49001
11318,323.5,174,41,100,-1.3623
11319,595.5,174,41,100,0.21025
11320,579.5,174,41,100,-1.1958
11321,573.7,172.36,44.846,109.38,-0.73547
11323,282.76,175.38,37.762,92.102,-1.0808
11324,275.4,175.38,37.762,92.102,-0.13907
11325,523.5,182,41,100,1.2694
11326,503.56,181.09,44.846,109.38,0.57857
11327,245.98,175.38,37.762,92.102,0.93225
11328,462.69,170.4,49.058,119.65,0.41294
11329,434.03,170.4,49.058,119.65,0.64365
11330,414.93,170.4,49.058,119.65,1.1073
11331,386.27,170.4,49.058,119.65,0.77883
11332,345.75,181.09,44.846,109.38,0.9741
11333,290.75,170.4,49.058,119.65,-1.0459
11334,240.55,181.09,44.846,109.38,-0.60961
11335,179.18,181.09,44.846,109.38,-1.178
11369,533.06,173.45,22.334,54.474,-0.53591
11383,495.11,165.15,24.322,59.321,-1.3834
11384,504.59,169.9,24.322,59.321,-1.2573
11385,518.39,163.87,26.452,64.516,-1.0099
11386,528.3,169.9,24.322,59.321,-1.1507
11388,552,169.9,24.322,59.321,-0.14712
11389,557.52,162.35,28.991,70.709,-0.98792
11390,602.53,153.8,34.577,84.335,-0.7214
11391,582.32,160.56,34.577,84.335,-0.13357
11392,595.5,150,41,100,-0.70024
11402,537.41,169.09,22.334,54.474,-1.4996
11403,547.26,165.15,24.322,59.321,-1.2462
11424,557.52,162.35,28.991,70.709,-1.2713
11425,568.85,164.62,31.538,76.923,-0.62503
11426,575.58,160.56,34.577,84.335,-1.1444
11467,550.16,143.48,53.647,130.85,-1.2407
11724,51.923,152.31,31.538,76.923,-1.4997
11740,573.7,111.27,44.846,109.38,-1.4796
11828,150.38,201.54,31.538,76.923,-1.1066
11831,371.03,175.38,37.762,92.102,-1.3602
11915,512.21,173.65,28.991,70.709,-1.3434
11920,595.5,166,41,100,-1.1072
12021,528.3,165.15,24.322,59.321,-1.0736
12022,529.2,156.71,28.991,70.709,-0.60015
12023,528.71,163.87,26.452,64.516,-1.2691
12024,528.71,163.87,26.452,64.516,-0.86459
12030,528.71,169.03,26.452,64.516,-1.4105
12113,461.24,179.29,28.991,70.709,-1.4472
12114,461.24,179.29,28.991,70.709,-1.1716
12169,523.5,174,41,100,-0.90369
12170,525.52,175.38,37.762,92.102,-0.97557
12171,531.5,174,41,100,-0.93577
12172,539.5,174,41,100,-0.84346
12173,547.5,174,41,100,-0.30149
12174,555.5,174,41,100,-0.96778
12175,563.5,174,41,100,0.14345
12176,571.5,174,41,100,1.0319
12177,579.5,174,41,100,-0.46077
12178,586.87,160.8,49.058,119.65,0.46397
12179,596.42,160.8,49.058,119.65,-1.121
12222,546.19,173.65,28.991,70.709,-0.97402
12223,563.19,173.65,28.991,70.709,-0.79882
12373,561.08,30,88.314,215.4,-1.3934
13401,537.41,169.09,22.334,54.474,-0.68816
13402,546.12,173.45,22.334,54.474,0.0067425
13403,559.68,169.03,26.452,64.516,-0.50371
13404,574.51,168,28.991,70.709,-0.5265
13405,595.81,169.03,26.452,64.516,-0.85916
14808,538.08,183.08,31.538,76.923,-1.1392
14812,589.93,184.16,24.322,59.321,-0.47773
14813,600.97,179.35,26.452,64.516,-0.56401
14814,616.45,184.52,26.452,64.516,-0.98677
14817,600.97,184.52,26.452,64.516,-0.24384
14990,589.93,188.91,24.322,59.321,-1.3224
14995,599.41,188.91,24.322,59.321,-1.3768
14996,599.41,188.91,24.322,59.321,-1.2567
15000,599.41,188.91,24.322,59.321,-0.69127
15004,599.41,188.91,24.322,59.321,-1.3135
15016,602.72,190.91,22.334,54.474,-1.4655
15018,599.41,188.91,24.322,59.321,-1.3316
15019,602.72,190.91,22.334,54.474,-1.4412
15020,602.72,190.91,22.334,54.474,-0.81391
15022,604.15,184.16,24.322,59.321,-1.4449
15598,600.97,174.19,26.452,64.516,-0.584
15600,432.92,162.35,28.991,70.709,-0.31559
15603,438.58,162.35,28.991,70.709,-1.2098
16119,581.64,91.304,53.647,130.85,-1.1957
16120,576.43,88.571,58.571,142.86,-0.81287
16121,576.43,88.571,58.571,142.86,-0.96059
16135,541.77,177.82,22.334,54.474,-0.91056
16137,542.52,174.65,24.322,59.321,-0.1399
16138,547.26,169.9,24.322,59.321,-1.167
16139,552,174.65,24.322,59.321,-1.4913
16140,552,174.65,24.322,59.321,-1.0429
16143,566.22,174.65,24.322,59.321,0.35099
16144,572.24,177.82,22.334,54.474,-0.67811
16145,575.7,179.41,24.322,59.321,-1.2854
16146,580.44,174.65,24.322,59.321,-0.12743
16147,585.48,174.19,26.452,64.516,-0.88564
16148,590.65,174.19,26.452,64.516,-1.019
16149,591.5,173.65,28.991,70.709,-0.58831
16150,600.97,174.19,26.452,64.516,-0.051
16151,606.13,174.19,26.452,64.516,-0.95385
16152,608.89,179.41,24.322,59.321,-1.0785
16231,542.52,160.4,24.322,59.321,-1.3736
16232,559.68,158.71,26.452,64.516,-0.36935
16233,568.84,147.04,34.577,84.335,-1.4369
16243,485.17,147.27,22.334,54.474,-1.4291
16412,485.17,164.73,22.334,54.474,-0.94113
16413,493.88,164.73,22.334,54.474,-0.30542
16416,518.39,153.55,26.452,64.516,-0.87727
16417,528.71,148.39,26.452,64.516,-1.0125
16418,534.87,145.41,28.991,70.709,-1.079
16420,556.54,140,31.538,76.923,-1.0624
16422,582.32,126.76,34.577,84.335,-0.47417
16423,599.08,123.69,37.762,92.102,-0.94585
16432,487.42,132.9,26.452,64.516,-1.2847
16434,533.04,136.63,24.322,59.321,-0.59615
16436,555.5,118,41,100,-0.65141
16438,568.85,128.47,28.991,70.709,-1.29
16439,571.5,118,41,100,-1.4527
16440,579.5,134,41,100,0.21693
16513,511.29,164.73,22.334,54.474,-1.0862
16515,528.3,165.15,24.322,59.321,-0.6147
16516,533.87,158.71,26.452,64.516,-0.65744
16517,540.53,156.71,28.991,70.709,0.10207
16518,546.19,162.35,28.991,70.709,-0.027307
16519,557.52,162.35,28.991,70.709,-0.60455
16520,563.19,162.35,28.991,70.709,-1.1721
16521,575.58,160.56,34.577,84.335,-0.26663
16522,589.05,153.8,34.577,84.335,-0.45227
16523,599.08,145.85,37.762,92.102,-1.1822
16589,533.06,160.36,22.334,54.474,-0.76209
16590,541.77,160.36,22.334,54.474,-0.5733
16591,552,155.64,24.322,59.321,0.40505
16592,564.84,153.55,26.452,64.516,-0.63018
16594,590.65,153.55,26.452,64.516,-1.2228
16734,576.6,151.64,22.334,54.474,0.83862
16735,594.67,146.14,24.322,59.321,0.010249
16736,613.63,146.14,24.322,59.321,-1.4029
16755,572.24,147.27,22.334,54.474,-0.54633
16756,580.95,147.27,22.334,54.474,-0.84705
16757,589.66,147.27,22.334,54.474,-0.75905
16861,396.54,164.62,31.538,76.923,-0.93089
16862,378.08,164.62,31.538,76.923,1.2277
16863,353.26,153.8,34.577,84.335,-0.89212
16864,335,158.46,31.538,76.923,-0.030757
16865,306.11,153.8,34.577,84.335,0.72517
16866,285.77,164.62,31.538,76.923,0.46084
16867,255,158.46,31.538,76.923,-0.76379
16868,225.26,160.56,34.577,84.335,-0.30904
16869,191.58,153.8,34.577,84.335,-0.79929
16870,164.63,153.8,34.577,84.335,-0.72072
16875,107.5,142,41,100,-1.3619
16943,38.387,179.35,26.452,64.516,-1.4977
16946,47.788,173.65,28.991,70.709,-1.4433
16965,74.516,174.19,26.452,64.516,-1.4347
17218,406.8,160.36,22.334,54.474,-1.4606
17220,398.1,160.36,22.334,54.474,0.41749
17221,393.74,160.36,22.334,54.474,0.27808
17222,385.03,160.36,22.334,54.474,-0.29619
17223,380.68,160.36,22.334,54.474,-1.0015
17224,371.97,160.36,22.334,54.474,-1.2157
17238,205.05,147.04,34.577,84.335,-1.3981
17239,198.32,147.04,34.577,84.335,-1.2532
17240,187.13,145.85,37.762,92.102,0.75519
17241,163.5,142,41,100,-1.4311
17242,155.5,150,41,100,-0.9367
17243,135.63,160.62,37.762,92.102,-0.61457
17244,115.5,158,41,100,0.082689
17245,99.5,158,41,100,-1.2385
17246,83.5,158,41,100,-0.87635
17247,65.205,163.64,44.846,109.38,0.0525
17248,47.671,163.64,44.846,109.38,-0.4485
17249,35.5,166,41,100,-0.8653
17250,13.731,160.8,49.058,119.65,0.65675
17251,4.1791,160.8,49.058,119.65,-0.59874
17492,571.5,150,41,100,0.15155
17733,2.2581,189.68,26.452,64.516,-1.0306
17734,2.6923,183.08,31.538,76.923,-0.40173
17735,8.8462,176.92,31.538,76.923,-0.28166
17736,13.805,184.94,28.991,70.709,1.1402
17737,21.154,176.92,31.538,76.923,1.8705
17738,27.308,176.92,31.538,76.923,1.4337
17739,39.615,176.92,31.538,76.923,3.0377
17740,45.769,176.92,31.538,76.923,2.0524
17741,56.842,174.08,34.577,84.335,0.61039
17742,70.442,184.94,28.991,70.709,0.85378
17743,76.538,176.92,31.538,76.923,1.7079
17744,88.846,176.92,31.538,76.923,0.5273
17745,95,176.92,31.538,76.923,1.9661
17746,107.31,176.92,31.538,76.923,1.7688
17747,120.97,184.52,26.452,64.516,-0.091755
17750,144.23,176.92,31.538,76.923,0.33615
17751,155.4,179.29,28.991,70.709,1.1336
17752,168.85,176.92,31.538,76.923,0.21778
17753,178.05,179.29,28.991,70.709,0.23657
17754,187.31,176.92,31.538,76.923,0.60777
17755,191.58,167.32,34.577,84.335,0.45733
17756,8.8462,176.92,31.538,76.923,0.093863
17757,21.154,176.92,31.538,76.923,0.66527
17758,27.308,176.92,31.538,76.923,-0.23981
17759,36.46,179.29,28.991,70.709,0.63091
17760,245.47,167.32,34.577,84.335,0.0516
17761,51.923,176.92,31.538,76.923,-0.092422
17762,64.231,176.92,31.538,76.923,0.93727
17763,280,179.29,28.991,70.709,-0.033832
17764,81.77,179.29,28.991,70.709,-1.4044
17765,298.08,170.77,31.538,76.923,-0.65187
17766,306.11,167.32,34.577,84.335,-0.46627
17767,319.54,160.62,37.762,92.102,-1.0913
17768,330.97,173.65,28.991,70.709,-0.4195
17769,333.05,167.32,34.577,84.335,-0.24522
17771,359.62,176.92,31.538,76.923,-0.4142
17772,373.47,167.32,34.577,84.335,0.094547
17773,384.19,179.35,26.452,64.516,-0.9645
17774,393.27,179.29,28.991,70.709,-0.83188
17775,404.84,179.35,26.452,64.516,-1.2061
17776,408.85,170.77,31.538,76.923,-0.63636
17777,425.48,179.35,26.452,64.516,-0.17951
17778,432.92,179.29,28.991,70.709,-0.027912
17779,439.62,170.77,31.538,76.923,0.24757
17780,449.91,179.29,28.991,70.709,-0.90798
17781,454.32,167.32,34.577,84.335,0.21032
17782,461.05,167.32,34.577,84.335,-1.2052
17783,483.89,179.29,28.991,70.709,-0.85369
17784,488.85,170.77,31.538,76.923,-0.40687
17785,506.94,182.18,22.334,54.474,-0.85591
17787,292.63,167.32,34.577,84.335,-0.042047
17788,304.23,170.77,31.538,76.923,-1.0344
17789,312.84,167.32,34.577,84.335,-0.94291
17790,319.58,167.32,34.577,84.335,-0.44774
17792,339.79,167.32,34.577,84.335,-0.96123
17793,348.97,160.62,37.762,92.102,-0.79677
17794,356.32,160.62,37.762,92.102,-0.71241
17803,440.84,167.32,34.577,84.335,-1.4659
17814,528.42,174.08,34.577,84.335,-0.65622
17815,538.08,176.92,31.538,76.923,0.48195
17817,550.38,176.92,31.538,76.923,-1.292
17818,562.69,176.92,31.538,76.923,-1.4421
17821,582.32,174.08,34.577,84.335,-0.93962
17822,582.32,174.08,34.577,84.335,-0.64235
17823,589.05,174.08,34.577,84.335,-0.97271
17824,593.46,176.92,31.538,76.923,0.1478
17825,593.46,176.92,31.538,76.923,-0.35789
17826,593.46,176.92,31.538,76.923,-0.39764
17827,595.79,174.08,34.577,84.335,-1.1653
17828,593.46,176.92,31.538,76.923,-0.83535
17829,595.79,174.08,34.577,84.335,-1.1534
17836,595.79,174.08,34.577,84.335,-0.87915
17837,595.79,174.08,34.577,84.335,-0.39521
17838,595.79,174.08,34.577,84.335,-0.18141
17839,595.79,174.08,34.577,84.335,-1.022
17840,595.79,174.08,34.577,84.335,-0.42456
17841,595.79,174.08,34.577,84.335,-0.72434
17842,595.79,174.08,34.577,84.335,-0.96498
17845,595.79,174.08,34.577,84.335,-0.97441
17846,599.62,176.92,31.538,76.923,-1.1221
17847,593.46,176.92,31.538,76.923,-1.1075
17848,593.46,176.92,31.538,76.923,-1.4348
17849,593.46,176.92,31.538,76.923,-0.99965
17850,593.46,176.92,31.538,76.923,-0.34138
17851,593.46,176.92,31.538,76.923,-1.0119
17852,593.46,176.92,31.538,76.923,-1.0791
17853,595.79,174.08,34.577,84.335,-0.72128
17854,593.46,176.92,31.538,76.923,-0.51632
17855,593.46,176.92,31.538,76.923,0.13618
17860,599.62,176.92,31.538,76.923,-1.2683
17861,602.83,173.65,28.991,70.709,-1.4562
17863,599.62,176.92,31.538,76.923,-1.2713
17864,595.79,174.08,34.577,84.335,-1.2975
17865,597.17,179.29,28.991,70.709,-0.96472
17866,595.79,174.08,34.577,84.335,-0.90421
17867,595.79,174.08,34.577,84.335,-0.94553
17868,595.79,174.08,34.577,84.335,-1.3829
17869,595.79,174.08,34.577,84.335,-1.0528
17870,595.79,174.08,34.577,84.335,-0.78428
17871,595.79,174.08,34.577,84.335,-0.7853
17872,599.62,176.92,31.538,76.923,-1.1367
17873,595.79,174.08,34.577,84.335,-0.37714
17879,595.79,174.08,34.577,84.335,-1.2049
17880,595.79,174.08,34.577,84.335,-1.0849
17881,602.83,179.29,28.991,70.709,-1.1174
17882,595.79,174.08,34.577,84.335,-1.4093
17883,595.5,166,41,100,-1.2796
17884,595.79,174.08,34.577,84.335,-1.4101
17886,595.79,174.08,34.577,84.335,-1.4629
17890,599.62,176.92,31.538,76.923,-1.2905
17891,599.62,176.92,31.538,76.923,-1.4345
17893,595.79,174.08,34.577,84.335,-1.3884
17894,599.62,176.92,31.538,76.923,-1.3861
17895,599.62,176.92,31.538,76.923,-1.1635
17896,599.62,176.92,31.538,76.923,-1.4892
17907,595.79,174.08,34.577,84.335,-0.82358
17908,597.17,179.29,28.991,70.709,-1.1607
17909,593.46,176.92,31.538,76.923,-1.2102
17910,595.79,174.08,34.577,84.335,-1.1611
17911,599.62,176.92,31.538,76.923,-1.4346
17914,595.79,174.08,34.577,84.335,-1.349
17916,599.62,176.92,31.538,76.923,-0.93872
17917,599.62,176.92,31.538,76.923,-1.0003
17919,595.79,174.08,34.577,84.335,-1.0818
17920,595.79,174.08,34.577,84.335,-0.85547
17921,595.79,174.08,34.577,84.335,-1.0515
17922,599.08,168,37.762,92.102,-0.92295
17923,599.08,168,37.762,92.102,-0.99755
17924,599.62,176.92,31.538,76.923,-0.92273
17925,599.62,176.92,31.538,76.923,-0.90698
17926,599.62,176.92,31.538,76.923,-1.2939
17927,599.62,176.92,31.538,76.923,-0.95466
17928,599.62,176.92,31.538,76.923,-0.58835
17929,599.62,176.92,31.538,76.923,-1.1576
17930,599.62,176.92,31.538,76.923,-1.0597
17931,599.62,176.92,31.538,76.923,-1.0628
17932,599.62,176.92,31.538,76.923,-0.85723
17933,599.62,176.92,31.538,76.923,-1.0779
17934,599.62,176.92,31.538,76.923,-0.76097
17935,599.08,168,37.762,92.102,-1.132
17936,595.79,174.08,34.577,84.335,-1.3329
17937,595.79,174.08,34.577,84.335,-1.4839
17940,599.08,168,37.762,92.102,-1.0512
17941,595.79,174.08,34.577,84.335,-0.65054
17942,595.79,174.08,34.577,84.335,0.0091613
17943,595.79,174.08,34.577,84.335,0.14236
17944,599.08,168,37.762,92.102,-0.55658
17945,595.79,174.08,34.577,84.335,-0.2379
17946,599.08,168,37.762,92.102,-0.24074
17947,595.79,174.08,34.577,84.335,-0.20032
17948,595.79,174.08,34.577,84.335,-0.1346
17949,595.79,174.08,34.577,84.335,-0.60106
17950,595.79,174.08,34.577,84.335,-0.64385
17951,595.79,174.08,34.577,84.335,-0.31916
17952,595.79,174.08,34.577,84.335,-0.54941
17953,595.79,174.08,34.577,84.335,-0.62988
17959,602.53,174.08,34.577,84.335,-1.2349
17960,599.08,168,37.762,92.102,-0.52629
17961,602.53,174.08,34.577,84.335,-0.72672
17962,602.53,174.08,34.577,84.335,-0.97802
17963,602.53,174.08,34.577,84.335,-0.2707
17964,605.77,176.92,31.538,76.923,-1.3999
17965,609.26,167.32,34.577,84.335,-0.80522
17966,602.53,174.08,34.577,84.335,-1.3733
17968,606.44,168,37.762,92.102,-1.1336
17969,602.53,174.08,34.577,84.335,-1.1271
18278,123.5,206,41,100,-1.3508
18283,422.53,204.92,37.762,92.102,-1.3171
18774,338.67,179.41,24.322,59.321,-1.0375
18775,337.74,174.19,26.452,64.516,-0.80989
18776,337.74,174.19,26.452,64.516,-0.79316
18777,337.74,174.19,26.452,64.516,0.12807
18778,336.64,173.65,28.991,70.709,-0.9308
18779,336.64,173.65,28.991,70.709,-1.1373
18794,339.79,160.56,34.577,84.335,-1.3291
18795,330.97,173.65,28.991,70.709,-1.3353
18796,319.58,167.32,34.577,84.335,-0.4179
18797,297.47,160.62,37.762,92.102,-0.10256
18798,275.5,158,41,100,-1.3517
18799,243.5,158,41,100,-1.1756
18800,203.5,158,41,100,-0.13599
18801,223.01,154.91,44.846,109.38,-0.5988
18802,109.25,151.2,49.058,119.65,-0.87548
19333,518.81,146.14,24.322,59.321,-0.17915
19334,515.65,151.64,22.334,54.474,-1.134
19337,502.9,148.39,26.452,64.516,0.16675
19340,485.17,156,22.334,54.474,-1.0449
19342,576.43,145.71,58.571,142.86,-1.211
19343,560.66,153.91,53.647,130.85,-0.014249
19344,548.66,170.4,49.058,119.65,-1.2133
19345,522.31,144.62,63.077,153.85,-0.17411
19346,512.5,130,68.333,166.67,-0.30183
19364,176.43,145.71,58.571,142.86,-0.3773
19365,165,145.71,58.571,142.86,-0.0095154
19366,142.14,157.14,58.571,142.86,-0.49742
19367,116.15,144.62,63.077,153.85,-0.79159
19368,107.86,145.71,58.571,142.86,0.68606
19369,96.429,157.14,58.571,142.86,0.6921
19370,78.033,164.35,53.647,130.85,0.43758
19371,50.714,157.14,58.571,142.86,0.94728
19372,39.286,157.14,58.571,142.86,1.8802
19373,25.574,164.35,53.647,130.85,0.13002
19374,5,157.14,58.571,142.86,-0.63502
19375,-6.4286,157.14,58.571,142.86,-0.81069
19401,110.75,173.45,22.334,54.474,-1.1374
20227,570.96,169.9,24.322,59.321,-1.4333
20332,415.93,184.94,28.991,70.709,-1.4993
20341,451.95,175.38,37.762,92.102,-1.2378
20343,467.5,166,41,100,-0.99995
20344,475.5,166,41,100,-0.49882
20345,483.5,166,41,100,0.31345
20346,499.5,166,41,100,0.11806
20347,503.56,163.64,44.846,109.38,-0.69827
20349,529.55,151.2,49.058,119.65,-1.2361
20350,539.67,153.91,53.647,130.85,-0.84724
20351,560.66,143.48,53.647,130.85,-0.69728
20352,581.64,143.48,53.647,130.85,-1.3454
20423,467.76,177.82,22.334,54.474,-1.434
20427,463.4,177.82,22.334,54.474,-0.69164
20428,463.4,177.82,22.334,54.474,-0.71248
20438,459.05,182.18,22.334,54.474,-1.2364
20443,458.08,170.77,31.538,76.923,-0.82203
20444,458.08,170.77,31.538,76.923,-0.69152
20445,451.29,179.35,26.452,64.516,-1.3978
20453,433.48,184.16,24.322,59.321,-1.0706
20454,411.16,186.55,22.334,54.474,-0.62672
20455,405.04,184.16,24.322,59.321,-0.54473
20456,402.45,186.55,22.334,54.474,1.5039
20458,393.74,182.18,22.334,54.474,0.46045
20459,409.78,188.91,24.322,59.321,-0.70593
20460,409.78,188.91,24.322,59.321,-0.4831
20461,405.04,188.91,24.322,59.321,-1.0438
20463,394.52,184.52,26.452,64.516,-0.42909
20464,376.33,186.55,22.334,54.474,-1.4483
20465,393.74,186.55,22.334,54.474,-0.6037
20466,376.33,186.55,22.334,54.474,-1.3895
20468,371.97,186.55,22.334,54.474,-1.0959
20469,363.55,184.52,26.452,64.516,-1.3081
20470,362.37,184.16,24.322,59.321,-0.23111
20471,376.33,190.91,22.334,54.474,-0.15602
20474,371.97,190.91,22.334,54.474,-1.0598
20476,358.39,184.52,26.452,64.516,-1.3862
20477,363.55,184.52,26.452,64.516,-0.83787
20478,358.39,184.52,26.452,64.516,-1.0216
20479,371.97,190.91,22.334,54.474,-0.95832
20480,357.63,184.16,24.322,59.321,-1.2011
20481,371.97,190.91,22.334,54.474,-1.342
20755,16.296,179.41,24.322,59.321,-1.4566
22420,345.85,182.18,22.334,54.474,-0.48107
22422,357.63,179.41,24.322,59.321,-0.56284
22423,358.39,174.19,26.452,64.516,0.12256
22424,363.55,174.19,26.452,64.516,-1.0612
22425,368.71,179.35,26.452,64.516,-1.2168
22426,376.28,173.65,28.991,70.709,-0.29488
22427,390.38,176.92,31.538,76.923,0.39026
22428,395.5,166,41,100,0.11796
22429,407.12,163.64,44.846,109.38,-0.77521
22430,424.48,160.8,49.058,119.65,-0.24145
22431,427.86,157.14,58.571,142.86,-0.49886
22432,460.77,156.92,63.077,153.85,-0.29787
22433,503,140,82,200,0.66328
22826,447.7,169.9,24.322,59.321,-1.2971
22827,389.39,169.09,22.334,54.474,-0.31641
22828,446.13,163.87,26.452,64.516,-1.3941
22829,451.92,158.46,31.538,76.923,-0.58386
22830,461.05,153.8,34.577,84.335,-0.46298
22831,466.67,145.85,37.762,92.102,-1.0735
22832,476.54,158.46,31.538,76.923,-0.39211
22833,491.5,142,41,100,-0.98618
22834,499.5,142,41,100,-0.24501
22835,515.5,142,41,100,-1.3641
22836,342.9,169.03,26.452,64.516,-0.39533
22837,347.96,168,28.991,70.709,0.1537
22838,353.63,162.35,28.991,70.709,-0.79485
22839,359.62,164.62,31.538,76.923,0.16382
22841,363.68,153.23,37.762,92.102,-1.3957
22842,371.5,150,41,100,-0.73582
22843,434.11,160.56,34.577,84.335,-0.13817
22844,435.5,158,41,100,-1.0008
22845,450.96,146.18,44.846,109.38,-0.98407
22847,466.23,143.48,53.647,130.85,-1.281
22848,485,134.29,58.571,142.86,-1.036
22849,496.43,145.71,58.571,142.86,-0.33389
22851,530,127.27,74.545,181.82,-0.26585
22852,567,124,82,200,-1.4615
22985,419.86,186.55,22.334,54.474,-0.76527
22991,532.87,160.62,37.762,92.102,-1.1756
22992,455.58,173.65,28.991,70.709,-0.5343
22994,595.5,158,41,100,-1.2057
22995,508.21,167.32,34.577,84.335,-0.076053
22996,529.2,168,28.991,70.709,-1.3359
22997,547.59,160.62,37.762,92.102,-1.388
22998,131.5,158,41,100,-0.60964
22999,579.5,158,41,100,0.20847
23000,595.5,166,41,100,-0.61252
23131,101.15,195.38,31.538,76.923,-1.2546
23132,88.846,201.54,31.538,76.923,-0.35002
23134,42.388,170.4,49.058,119.65,-0.12036
23135,19.5,190,41,100,-0.31952
23254,509.33,179.41,24.322,59.321,-0.091887
23255,524.35,182.18,22.334,54.474,0.23545
23256,537.78,184.16,24.322,59.321,-0.46223
23258,575,176.92,31.538,76.923,-0.71067
23259,597.17,173.65,28.991,70.709,-0.034506
23262,528.71,169.03,26.452,64.516,-0.88449
23263,544.19,169.03,26.452,64.516,-1.3652
23264,556.54,164.62,31.538,76.923,-1.4585
23266,595.79,160.56,34.577,84.335,-1.3653
23297,380.68,156,22.334,54.474,-0.61513
23312,489.52,164.73,22.334,54.474,-1.1877
23313,358.39,169.03,26.452,64.516,-0.631
23314,353.23,169.03,26.452,64.516,-0.6488
23315,348.15,174.65,24.322,59.321,-0.71453
23316,347.31,164.62,31.538,76.923,-1.1969
23317,336.64,168,28.991,70.709,-0.73673
23318,332.58,174.19,26.452,64.516,-0.027605
23319,284.9,182.18,22.334,54.474,-0.54248
23320,313.98,168,28.991,70.709,-0.59198
23321,298.08,170.77,31.538,76.923,-0.77501
23323,363.55,174.19,26.452,64.516,-0.69725
23324,248.85,176.92,31.538,76.923,-0.17596
23325,230.38,176.92,31.538,76.923,-0.23377
23326,367.11,179.41,24.322,59.321,-0.48018
23327,172.39,179.29,28.991,70.709,0.99908
23328,138.41,179.29,28.991,70.709,0.40991
23329,98.761,184.94,28.991,70.709,-0.084603
23330,45.769,183.08,31.538,76.923,-0.24005
23331,76.106,190.59,28.991,70.709,0.036205
23332,15,189.23,31.538,76.923,-0.78703
23354,515.65,182.18,22.334,54.474,-1.2532
23359,564.84,179.35,26.452,64.516,-1.2414
23363,585.48,179.35,26.452,64.516,-1.1799
23370,512.21,168,28.991,70.709,-1.4446
23371,538.08,164.62,31.538,76.923,-0.57294
23372,571.5,150,41,100,0.36148
23503,88,120,130.47,318.22,-0.16512
23504,91.667,126.67,136.67,333.33,-0.55785
23505,139.2,145.26,130.47,318.22,-0.64622
23506,171.67,126.67,136.67,333.33,-0.52677
23507,78,88,164,400,-1.3186
23508,238,88,164,400,-0.59802
23509,165.71,112.5,155.16,378.43,-0.37753
23510,318.1,112.5,155.16,378.43,0.063382
23511,366,88,164,400,-0.31077
23512,409.52,112.5,155.16,378.43,0.3171
23513,470.48,112.5,155.16,378.43,-0.029481
23514,379.05,112.5,155.16,378.43,-0.89033
23515,409.52,112.5,155.16,378.43,-0.26642
23516,440,112.5,155.16,378.43,1.2992
23517,470.48,112.5,155.16,378.43,0.89313
23518,500.95,112.5,155.16,378.43,-0.89188
23519,393.74,182.18,22.334,54.474,-1.4461
23551,389.35,179.35,26.452,64.516,-1.4952
23562,476.46,186.55,22.334,54.474,1.0626
23563,476.46,186.55,22.334,54.474,-0.039998
23564,476.15,184.16,24.322,59.321,-0.24701
23565,482.26,184.52,26.452,64.516,-0.16912
23566,482.26,184.52,26.452,64.516,1.5038
23567,485.63,188.91,24.322,59.321,1.6697
23568,487.42,184.52,26.452,64.516,0.66916
23569,492.58,184.52,26.452,64.516,0.67551
23570,495.11,188.91,24.322,59.321,-0.82309
23571,497.74,184.52,26.452,64.516,1.6913
23572,502.9,184.52,26.452,64.516,0.61182
23573,506.55,179.29,28.991,70.709,0.29493
23574,513.46,176.92,31.538,76.923,0.58261
23575,519.62,176.92,31.538,76.923,0.50788
23576,525.77,176.92,31.538,76.923,-0.71353
23577,535.16,174.08,34.577,84.335,0.58407
23578,548.63,174.08,34.577,84.335,0.057446
23579,563.19,179.29,28.991,70.709,0.24715
23580,575,183.08,31.538,76.923,0.08171
23581,587.31,183.08,31.538,76.923,-0.61472
23582,599.08,175.38,37.762,92.102,0.5816
23640,219.59,182.18,22.334,54.474,-0.76936
23645,210.88,186.55,22.334,54.474,-1.3847
23648,213.87,179.35,26.452,64.516,-1.4946
23651,144.42,167.32,34.577,84.335,-0.79255
23652,115.75,184.94,28.991,70.709,-1.257
23654,42.124,184.94,28.991,70.709,-1.215
23657,567.76,132,49.058,119.65,-1.2374
23658,519.29,122.86,58.571,142.86,-1.3174
23694,293.61,182.18,22.334,54.474,-0.66469
23698,244.84,184.52,26.452,64.516,-1.4571
23701,200.71,184.94,28.991,70.709,-1.3467
23702,183.72,184.94,28.991,70.709,-0.81183
23703,163.5,166,41,100,-1.3963
23704,156.54,183.08,31.538,76.923,1.0729
23705,135.63,175.38,37.762,92.102,-0.71072
23707,104,187.61,34.577,84.335,-1.0468
23708,83.789,187.61,34.577,84.335,-0.39952
23734,498.23,195.27,22.334,54.474,-0.39394
23738,523.56,193.66,24.322,59.321,-0.20228
23739,537.78,193.66,24.322,59.321,-0.16037
23744,352.89,184.16,24.322,59.321,-0.81048
23745,352.89,184.16,24.322,59.321,-0.97461
23746,362.37,184.16,24.322,59.321,-1.0398
23749,384.19,179.35,26.452,64.516,-0.7967
23750,393.27,179.29,28.991,70.709,-0.42769
23751,400.42,174.08,34.577,84.335,-1.0231
23765,611.43,177.82,22.334,54.474,-1.0743
23787,145.58,164.73,22.334,54.474,-0.57985
23855,551.52,129.6,98.974,241.4,-1.3228
23856,532.12,129.6,98.974,241.4,1.4889
23857,473.94,129.6,98.974,241.4,1.0725
23858,435.15,129.6,98.974,241.4,0.80272
23859,376.97,129.6,98.974,241.4,0.03882
23860,307.14,108.57,117.14,285.71,0.1683
23861,241.21,129.6,98.974,241.4,1.8125
23862,163.64,129.6,98.974,241.4,0.33403
23863,78.571,108.57,117.14,285.71,0.34834
23864,124.85,129.6,98.974,241.4,-0.2571
23865,24.865,150,88.314,215.4,-0.9798
23930,449.91,173.65,28.991,70.709,-1.1882
23931,455.58,173.65,28.991,70.709,0.29032
23932,455.58,173.65,28.991,70.709,-1.4356
23933,455.58,173.65,28.991,70.709,0.10116
23934,455.58,173.65,28.991,70.709,-0.5011
23935,455.58,173.65,28.991,70.709,-0.77372
23936,455.58,173.65,28.991,70.709,-0.3591
23951,442.96,184.16,24.322,59.321,-0.69728
23952,466.9,173.65,28.991,70.709,-1.0907
23963,438.22,188.91,24.322,59.321,-1.4991
23965,433.48,188.91,24.322,59.321,-0.71622
23966,459.31,168,37.762,92.102,-1.0525
23967,425.48,189.68,26.452,64.516,-0.8988
23968,421.59,184.94,28.991,70.709,-0.94145
23969,421.59,184.94,28.991,70.709,-1.2976
23970,415,183.08,31.538,76.923,-0.55164
23971,415,183.08,31.538,76.923,-1.0071
23972,410.27,190.59,28.991,70.709,-0.50029
23973,410,194.84,26.452,64.516,0.51496
23974,451.95,175.38,37.762,92.102,-0.78264
23975,451.95,175.38,37.762,92.102,-0.59006
23976,451.95,175.38,37.762,92.102,-0.31924
23977,404.6,190.59,28.991,70.709,-0.53207
23979,400.42,187.61,34.577,84.335,-0.31831
23980,400.42,187.61,34.577,84.335,0.12245
23981,400.42,187.61,34.577,84.335,0.30708
23982,451.5,174,41,100,-1.2024
23983,459.5,174,41,100,0.39973
23984,459.5,174,41,100,0.30089
23985,459.5,174,41,100,1.1094
23986,459.5,174,41,100,0.54265
23987,467.5,174,41,100,0.84417
23988,467.5,174,41,100,-0.091556
23989,475.5,174,41,100,0.43931
23990,395.5,182,41,100,-0.0087933
23991,395.5,182,41,100,0.18611
23992,395.5,182,41,100,0.47755
23993,395.5,182,41,100,0.34864
23994,393.1,190.15,37.762,92.102,-1.1733
23995,512.33,172.36,44.846,109.38,0.74608
23996,395.5,182,41,100,1.2938
23997,518.69,164.35,53.647,130.85,0.92103
23998,529.55,170.4,49.058,119.65,0.31676
23999,529.18,164.35,53.647,130.85,0.51386
24000,398.36,181.09,44.846,109.38,0.48815
24001,395.82,170.4,49.058,119.65,1.8029
24002,558.21,170.4,49.058,119.65,0.83257
24003,398.36,181.09,44.846,109.38,1.3449
24004,560.66,164.35,53.647,130.85,0.83142
24005,405.37,170.4,49.058,119.65,1.0106
24006,405.37,170.4,49.058,119.65,2.1206
24007,405.37,180,49.058,119.65,1.6529
24008,407.12,181.09,44.846,109.38,0.99072
24009,415.89,181.09,44.846,109.38,1.4056
24010,414.93,180,49.058,119.65,1.3814
24011,414.93,180,49.058,119.65,0.83449
24012,424.48,180,49.058,119.65,0.72436
24013,424.26,174.78,53.647,130.85,0.70545
24014,424.26,174.78,53.647,130.85,0.95156
24015,424.26,174.78,53.647,130.85,0.2121
24016,424.26,174.78,53.647,130.85,0.24699
24017,427.86,168.57,58.571,142.86,0.56723
24018,434.03,189.6,49.058,119.65,0.26062
24019,551,140,82,200,1.0885
24020,439.29,168.57,58.571,142.86,0.52329
24021,544.55,141.82,74.545,181.82,0.54664
24022,544.55,141.82,74.545,181.82,1.3858
24023,448.46,169.23,63.077,153.85,-0.03583
24024,450.71,180,58.571,142.86,0.6567
24025,462.14,180,58.571,142.86,0.64288
24026,457.27,156.36,74.545,181.82,-0.6682
24027,472.5,170,68.333,166.67,0.76788
24028,576.43,180,58.571,142.86,0.19856
24029,565,168.57,58.571,142.86,1.6681
24030,487,156,82,200,-0.36147
24031,553.57,168.57,58.571,142.86,0.36976
24032,519,156,82,200,0.11776
24033,519,156,82,200,1.3215
24034,535,156,82,200,1.4287
24035,543.78,150,88.314,215.4,0.47264
24036,507.86,168.57,58.571,142.86,0.54067
24037,507.86,168.57,58.571,142.86,1.3158
24038,497.7,174.78,53.647,130.85,2.6661
24039,497.7,164.35,53.647,130.85,0.65964
24040,487.21,174.78,53.647,130.85,1.2613
24041,544.55,141.82,74.545,181.82,0.8293
24042,539.17,143.33,68.333,166.67,0.79932
24043,466.23,174.78,53.647,130.85,0.66678
24044,455.74,174.78,53.647,130.85,0.36267
24045,445.25,174.78,53.647,130.85,0.34908
24046,519.29,180,58.571,142.86,0.18032
24047,434.75,174.78,53.647,130.85,0.56202
24048,434.03,180,49.058,119.65,1.6904
24049,424.48,180,49.058,119.65,1.0106
24050,413.77,174.78,53.647,130.85,0.17684
24051,405.37,180,49.058,119.65,1.516
24052,473.57,157.14,58.571,142.86,0.14137
24053,462.14,157.14,58.571,142.86,1.1113
24054,450.71,157.14,58.571,142.86,1.3255
24055,371.8,174.78,53.647,130.85,1.3296
24056,350.82,174.78,53.647,130.85,1.2853
24057,329.84,174.78,53.647,130.85,1.6519
24058,195.5,198,41,100,0.26699
24059,382.3,174.78,53.647,130.85,0.68188
24060,203.93,174.78,53.647,130.85,1.7326
24061,140.98,174.78,53.647,130.85,2.0117
24062,67.541,174.78,53.647,130.85,1.0714
24063,165.38,156.92,63.077,153.85,-0.47724
24081,551.86,184.94,28.991,70.709,-1.3471
24082,554.94,175.38,37.762,92.102,-1.2969
24083,563.5,174,41,100,-1.1333
24084,584.37,175.38,37.762,92.102,-0.9305
24085,603.5,174,41,100,-1.4549
24118,62.857,195.27,22.334,54.474,-0.9786
24119,54.15,195.27,22.334,54.474,0.14594
24120,44.741,193.66,24.322,59.321,0.073622
24121,30.519,193.66,24.322,59.321,0.51903
24122,17.742,194.84,26.452,64.516,-1.0502
24125,531.92,176.92,31.538,76.923,-1.2546
24127,136.87,186.55,22.334,54.474,-0.43572
24132,149.73,173.65,28.991,70.709,-0.7276
24133,153.78,179.41,24.322,59.321,-0.14181
24134,157.1,174.19,26.452,64.516,-0.96198
24135,156.54,164.62,31.538,76.923,-0.52329
24136,162.69,164.62,31.538,76.923,0.083147
24137,168.85,164.62,31.538,76.923,-0.57247
24138,175,164.62,31.538,76.923,0.63599
24139,181.15,164.62,31.538,76.923,1.0692
24140,184.84,160.56,34.577,84.335,0.25266
24142,194.48,160.62,37.762,92.102,0.96402
24143,205.05,167.32,34.577,84.335,-0.53272
24144,211.5,158,41,100,-0.52985
24145,225.26,167.32,34.577,84.335,0.80142
24146,231.26,160.62,37.762,92.102,-0.062016
24147,245.98,160.62,37.762,92.102,-1.3297
24148,251.5,158,41,100,0.35377
24149,259.5,158,41,100,-0.60997
24150,266.85,154.91,44.846,109.38,0.53712
24151,508.06,163.87,26.452,64.516,-0.23497
24152,291.5,158,41,100,0.055527
24153,301.92,154.91,44.846,109.38,-0.42437
24154,310.68,154.91,44.846,109.38,0.20711
24155,328.22,154.91,44.846,109.38,0.12456
24156,338.51,151.2,49.058,119.65,0.21451
24157,345.75,154.91,44.846,109.38,0.1172
24158,363.5,166,41,100,-0.32218
24159,513.23,163.87,26.452,64.516,-1.2548
24160,380.82,163.64,44.846,109.38,-0.25
24161,389.59,163.64,44.846,109.38,-1.2354
24162,395.82,151.2,49.058,119.65,0.079215
24163,407.12,163.64,44.846,109.38,-0.90516
24164,415.89,163.64,44.846,109.38,-0.46001
24165,424.66,163.64,44.846,109.38,-1.0284
24166,442.19,163.64,44.846,109.38,0.15845
24167,443.58,160.8,49.058,119.65,-1.3558
24168,517.88,168,28.991,70.709,-0.71825
24169,468.49,172.36,44.846,109.38,-1.2303
24170,481.79,160.8,49.058,119.65,-1.1556
24171,528.71,174.19,26.452,64.516,-0.7313
24172,510.45,170.4,49.058,119.65,0.051014
24173,520,170.4,49.058,119.65,-0.10295
24174,529.18,164.35,53.647,130.85,0.47662
24175,539.67,164.35,53.647,130.85,-0.91981
24176,560.66,164.35,53.647,130.85,-0.70904
24177,586.87,170.4,49.058,119.65,-1.1723
24258,208.71,189.68,26.452,64.516,-0.88204
24261,218.08,183.08,31.538,76.923,-0.52001
24262,211.92,183.08,31.538,76.923,-0.86087
24263,213.87,189.68,26.452,64.516,-1.3259
24265,200.71,184.94,28.991,70.709,-1.1146
