55,63.579,174.08,34.577,84.335,-1.4158
56,54.713,175.38,37.762,92.102,-0.71383
57,43.5,174,41,100,-0.91473
58,35.5,174,41,100,-0.88277
59,19.5,174,41,100,-0.015653
60,3.5,182,41,100,-0.22953
369,608.89,179.41,24.322,59.321,0.64241
370,608.5,173.65,28.991,70.709,0.86781
371,608.5,173.65,28.991,70.709,0.23397
372,608.5,173.65,28.991,70.709,0.29632
373,608.5,173.65,28.991,70.709,0.32458
374,608.89,179.41,24.322,59.321,-0.24049
375,608.5,173.65,28.991,70.709,-0.33926
376,611.29,179.35,26.452,64.516,0.32511
377,608.5,173.65,28.991,70.709,-0.54971
378,608.5,173.65,28.991,70.709,-0.43969
379,608.5,173.65,28.991,70.709,-0.13551
380,608.5,173.65,28.991,70.709,0.25791
381,608.5,173.65,28.991,70.709,-0.36994
382,608.5,173.65,28.991,70.709,0.30559
383,608.5,173.65,28.991,70.709,0.0047147
384,608.5,173.65,28.991,70.709,-0.0338
385,608.5,173.65,28.991,70.709,-0.21593
386,608.5,173.65,28.991,70.709,-0.029686
387,611.29,179.35,26.452,64.516,-0.12367
388,611.29,179.35,26.452,64.516,0.29089
389,611.29,179.35,26.452,64.516,-0.089227
390,608.5,173.65,28.991,70.709,0.082155
391,608.5,173.65,28.991,70.709,-0.18442
392,611.29,179.35,26.452,64.516,0.31328
393,611.29,179.35,26.452,64.516,0.13895
394,611.29,179.35,26.452,64.516,0.38633
395,611.29,179.35,26.452,64.516,0.16741
396,611.29,179.35,26.452,64.516,-0.042452
397,611.29,179.35,26.452,64.516,-0.55122
398,613.63,184.16,24.322,59.321,-0.22401
399,613.63,188.91,24.322,59.321,0.21932
400,611.29,189.68,26.452,64.516,0.19735
401,613.63,193.66,24.322,59.321,0.11063
402,613.63,198.42,24.322,59.321,-1.1155
419,552,198.42,24.322,59.321,0.043978
425,585.48,189.68,26.452,64.516,-0.79532
426,594.67,188.91,24.322,59.321,-0.80284
428,611.29,184.52,26.452,64.516,-0.82766
529,427.26,168,28.991,70.709,-1.246
531,440.84,160.56,34.577,84.335,-1.0468
532,454.32,167.32,34.577,84.335,-0.86891
533,459.5,158,41,100,-0.43933
534,467.5,158,41,100,-0.69265
535,475.5,158,41,100,-0.30737
536,483.5,158,41,100,-0.69999
537,499.5,158,41,100,-0.44263
538,510.45,160.8,49.058,119.65,-0.34896
539,520,160.8,49.058,119.65,-1.1864
540,530.71,157.14,58.571,142.86,-1.1477
541,553.57,157.14,58.571,142.86,-0.61791
542,565.83,143.33,68.333,166.67,-0.13685
579,614.16,179.29,28.991,70.709,-1.2829
601,523.55,189.68,26.452,64.516,-1.3575
603,559.68,194.84,26.452,64.516,-1.3663
605,602.53,187.61,34.577,84.335,-1.0054
744,550.38,176.92,31.538,76.923,-1.3784
747,502.9,179.35,26.452,64.516,-0.94043
748,508.06,179.35,26.452,64.516,-0.97672
751,600.97,179.35,26.452,64.516,-0.67219
752,537.78,179.41,24.322,59.321,-1.2304
754,562.69,176.92,31.538,76.923,-0.83757
756,587.5,166,41,100,-1.1927
760,600.97,174.19,26.452,64.516,-0.034721
761,611.29,174.19,26.452,64.516,0.66169
762,552,169.9,24.322,59.321,-1.3754
764,556.54,158.46,31.538,76.923,-0.16544
765,575,164.62,31.538,76.923,-0.7204
766,587.5,150,41,100,-0.37062
767,595.5,150,41,100,-0.58431
768,579.5,150,41,100,-1.4223
769,595.5,150,41,100,-0.89614
780,587.31,176.92,31.538,76.923,-1.2413
874,568.85,173.65,28.991,70.709,-1.3703
890,447.58,153.8,34.577,84.335,-1.4466
891,454.32,153.8,34.577,84.335,-0.91934
892,504.59,179.41,24.322,59.321,-0.20053
893,514.07,179.41,24.322,59.321,0.47235
894,518.81,179.41,24.322,59.321,0.52261
895,523.55,174.19,26.452,64.516,0.17471
896,533.87,174.19,26.452,64.516,0.021759
897,591.5,162.35,28.991,70.709,-0.30582
898,550.38,170.77,31.538,76.923,0.019152
899,562.69,164.62,31.538,76.923,0.96638
900,574.51,168,28.991,70.709,0.48841
901,587.31,164.62,31.538,76.923,0.93564
902,595.79,160.56,34.577,84.335,0.41176
903,562.11,167.32,34.577,84.335,-0.73054
904,551.86,156.71,28.991,70.709,-1.1562
905,576.43,122.86,58.571,142.86,-1.2122
907,587.5,150,41,100,-1.1683
908,606.44,153.23,37.762,92.102,-1.3151
955,575.16,174.19,26.452,64.516,0.49957
956,581.15,176.92,31.538,76.923,-1.0924
957,591.5,173.65,28.991,70.709,-0.12582
958,602.53,167.32,34.577,84.335,-1.4536
1023,518.69,174.78,53.647,130.85,-1.0908
1024,510.45,189.6,49.058,119.65,-1.4497
1040,503,124,82,200,-1.2472
1088,513.23,174.19,26.452,64.516,-0.44903
1089,518.39,174.19,26.452,64.516,-1.242
1090,523.55,174.19,26.452,64.516,-0.79308
1091,533.87,174.19,26.452,64.516,0.3468
1808,605.77,127.69,31.538,76.923,-1.3869
2121,433.48,179.41,24.322,59.321,-0.75544
2123,446.13,179.35,26.452,64.516,0.045109
2124,457.19,184.16,24.322,59.321,-0.94786
2125,461.61,179.35,26.452,64.516,-1.4711
2126,472.57,173.65,28.991,70.709,-1.4231
2127,489.56,179.29,28.991,70.709,-0.40898
2128,501.15,176.92,31.538,76.923,-0.2172
2129,521.68,174.08,34.577,84.335,0.28464
2130,539.5,166,41,100,0.85412
2131,563.5,174,41,100,1.8066
2132,591.23,172.36,44.846,109.38,0.82899
2245,533.04,174.65,24.322,59.321,-1.2046
2246,537.78,179.41,24.322,59.321,-1.4566
2247,544.19,179.35,26.452,64.516,-1.2306
2248,549.35,179.35,26.452,64.516,-1.0746
2249,554.52,184.52,26.452,64.516,-1.1243
2250,559.68,189.68,26.452,64.516,-0.56164
2251,563.19,184.94,28.991,70.709,-0.90472
2252,574.51,190.59,28.991,70.709,-1.0333
2253,582.32,180.85,34.577,84.335,-0.90766
2254,589.05,187.61,34.577,84.335,-1.1781
2255,602.53,187.61,34.577,84.335,-0.65887
3019,467.5,158,41,100,-1.2896
3022,557.52,179.29,28.991,70.709,-1.416
3024,574.51,184.94,28.991,70.709,-1.3296
3025,582.32,174.08,34.577,84.335,-1.2096
3026,591.5,179.29,28.991,70.709,-1.3635
3033,515.5,158,41,100,-1.3129
3094,570,169.03,26.452,64.516,-1.3221
3095,580.32,174.19,26.452,64.516,-0.47263
3346,611.29,205.16,26.452,64.516,-1.4512
4085,599.62,170.77,31.538,76.923,-1.0611
4471,393.27,179.29,28.991,70.709,-1.1959
4484,532.12,129.6,98.974,241.4,-0.94398
4511,528.71,174.19,26.452,64.516,-1.0635
4529,585.48,174.19,26.452,64.516,-1.226
5105,371.92,170.77,31.538,76.923,-0.88533
5106,355.5,150,41,100,-0.1528
5107,339.5,150,41,100,-0.42485
5108,334.25,160.62,37.762,92.102,-0.59993
5109,326.9,160.62,37.762,92.102,-0.55356
5110,312.18,160.62,37.762,92.102,-1.0971
5112,285.89,174.08,34.577,84.335,-1.3442
5113,266.85,146.18,44.846,109.38,0.1163
5114,258.08,154.91,44.846,109.38,0.7418
5115,243.5,158,41,100,-0.6216
5116,236.54,183.08,31.538,76.923,-0.98053
5117,219.5,166,41,100,-0.079997
5118,195.5,166,41,100,-1.1788
5519,552,174.65,24.322,59.321,-1.0957
5520,564.84,174.19,26.452,64.516,-0.85833
5521,589.93,184.16,24.322,59.321,-0.74887
5522,600.97,179.35,26.452,64.516,0.0090555
5557,575.7,184.16,24.322,59.321,-1.495
5566,518.81,169.9,24.322,59.321,-0.84395
5567,528.3,169.9,24.322,59.321,-1.0884
5568,585.19,165.15,24.322,59.321,-1.4897
5569,557.52,162.35,28.991,70.709,-0.63678
5570,616.45,169.03,26.452,64.516,-1.1951
5571,589.05,160.56,34.577,84.335,-1.092
5672,495,170.77,31.538,76.923,-1.2381
5673,506.55,173.65,28.991,70.709,-0.86154
5675,535.16,167.32,34.577,84.335,-0.72704
5676,555.37,167.32,34.577,84.335,-1.1519
5677,579.5,158,41,100,-0.21942
5678,603.5,166,41,100,-0.46198
5685,523.54,173.65,28.991,70.709,-1.3019
5687,595.5,150,41,100,-1.2627
5690,584.37,168,37.762,92.102,-1.3948
5768,552,179.41,24.322,59.321,-0.76991
5769,580.18,173.65,28.991,70.709,-0.95926
5770,599.62,170.77,31.538,76.923,-0.18072
5807,552,179.41,24.322,59.321,-0.51493
5808,554.52,179.35,26.452,64.516,-0.78714
5809,559.68,184.52,26.452,64.516,-1.1488
5810,568.85,179.29,28.991,70.709,-0.90911
5811,581.15,170.77,31.538,76.923,-0.42534
5812,593.46,176.92,31.538,76.923,-0.69185
5868,438.58,179.29,28.991,70.709,-1.4289
5869,427.31,183.08,31.538,76.923,-0.76984
5870,443.5,174,41,100,-1.3698
5871,468.49,172.36,44.846,109.38,-1.0616
5872,503.56,172.36,44.846,109.38,-1.0084
5873,546.92,156.92,63.077,153.85,-1.1749
5895,579.5,182,41,100,-1.2546
6031,595.5,158,41,100,-1.4988
6035,595.5,166,41,100,-1.0108
6037,595.5,158,41,100,-1.3921
6039,599.08,168,37.762,92.102,-1.498
6040,599.08,168,37.762,92.102,-1.4659
6043,599.08,168,37.762,92.102,-1.4843
6494,300.74,174.65,24.322,59.321,-1.2186
6495,286.13,174.19,26.452,64.516,-0.18865
6496,234.37,174.65,24.322,59.321,0.37337
6497,205.93,174.65,24.322,59.321,0.67455
6498,172.58,174.19,26.452,64.516,1.445
6499,167.42,174.19,26.452,64.516,1.3233
6500,111.11,174.65,24.322,59.321,2.0025
6501,105.48,174.19,26.452,64.516,1.803
6502,74.516,174.19,26.452,64.516,1.7495
6503,43.548,174.19,26.452,64.516,2.2087
6504,17.742,174.19,26.452,64.516,2.7469
6505,-2.9032,174.19,26.452,64.516,-1.4262
6554,512.86,17.143,117.14,285.71,-1.4545
6561,77.053,153.8,34.577,84.335,-1.4867
6563,232,147.04,34.577,84.335,-1.1851
6564,307.5,142,41,100,-1.4767
6591,566.22,174.65,24.322,59.321,-1.1173
6592,564.84,169.03,26.452,64.516,-0.46731
6596,559.68,174.19,26.452,64.516,-1.0212
6597,559.68,174.19,26.452,64.516,-1.1008
6598,589.93,179.41,24.322,59.321,-0.8111
6727,54.615,206.15,63.077,153.85,-1.2505
6728,23,188,82,200,-1.4763
6729,79.091,185.45,74.545,181.82,-0.63279
6730,151,172,82,200,-1.1737
6731,343,172,82,200,-0.42256
6732,423,172,82,200,-0.98803
6733,519,172,82,200,-1.012
6967,519.62,170.77,31.538,76.923,-0.14949
6968,525.77,170.77,31.538,76.923,-0.85626
6969,519.62,170.77,31.538,76.923,0.31884
6970,519.62,170.77,31.538,76.923,0.15937
6971,514.95,167.32,34.577,84.335,0.97213
6972,513.46,170.77,31.538,76.923,0.77321
6973,513.46,170.77,31.538,76.923,0.4918
6974,513.46,170.77,31.538,76.923,-0.43039
6975,513.46,170.77,31.538,76.923,-0.50352
6976,513.46,170.77,31.538,76.923,-0.37351
6977,507.31,170.77,31.538,76.923,-0.22502
6978,500.88,173.65,28.991,70.709,-1.0642
6980,507.31,170.77,31.538,76.923,-1.3085
6981,507.31,170.77,31.538,76.923,-1.4089
6983,500.88,173.65,28.991,70.709,-1.3018
6985,501.47,167.32,34.577,84.335,-1.2528
6989,494.74,174.08,34.577,84.335,-0.88027
6990,501.15,176.92,31.538,76.923,-0.4024
6991,507.31,176.92,31.538,76.923,-0.84972
6992,501.15,176.92,31.538,76.923,-0.26943
6993,508.21,174.08,34.577,84.335,0.24918
6994,508.21,174.08,34.577,84.335,0.14184
6995,513.46,176.92,31.538,76.923,0.22533
6996,513.46,176.92,31.538,76.923,-0.25914
6997,513.46,176.92,31.538,76.923,0.18905
6998,519.62,176.92,31.538,76.923,0.60031
6999,521.68,174.08,34.577,84.335,0.87294
7000,521.68,174.08,34.577,84.335,0.64336
7001,525.77,176.92,31.538,76.923,0.31595
7002,528.42,174.08,34.577,84.335,0.7648
7003,528.42,174.08,34.577,84.335,0.043871
7004,528.42,174.08,34.577,84.335,0.55038
7005,532.87,175.38,37.762,92.102,0.58565
7006,540.23,175.38,37.762,92.102,0.33862
7007,540.23,175.38,37.762,92.102,0.60177
7008,547.59,175.38,37.762,92.102,-0.3427
7009,525.52,175.38,37.762,92.102,-0.59316
7010,525.52,175.38,37.762,92.102,-0.083962
7011,531.5,166,41,100,0.52792
7012,571.5,166,41,100,0.66093
7013,579.5,166,41,100,1.6192
7014,587.5,174,41,100,0.63308
7015,600,163.64,44.846,109.38,0.052447
7016,571.5,174,41,100,0.11809
7017,571.15,153.91,53.647,130.85,-0.22903
7018,586.87,160.8,49.058,119.65,0.19143
7019,592.13,153.91,53.647,130.85,-0.77402
7033,466.9,168,28.991,70.709,-1.3948
7038,462.69,151.2,49.058,119.65,-1.3965
7050,231,140,82,200,-0.74779
7051,501.47,167.32,34.577,84.335,-1.2612
7053,513.46,176.92,31.538,76.923,-1.3034
7059,538.08,189.23,31.538,76.923,-1.202
7060,575.58,180.85,34.577,84.335,-0.58679
7061,571.5,166,41,100,-0.645
7062,577.01,168,37.762,92.102,-0.60372
7063,579.5,166,41,100,0.086226
7064,579.5,166,41,100,-0.046253
7065,579.5,166,41,100,0.094083
7066,579.5,166,41,100,-0.6802
7067,587.5,166,41,100,-0.29826
7068,587.5,166,41,100,-0.80322
7069,564.93,163.64,44.846,109.38,-0.86713
7070,571.5,166,41,100,-0.34115
7071,603.5,166,41,100,-1.0136
7091,517.88,173.65,28.991,70.709,-1.2488
7097,582.32,167.32,34.577,84.335,-0.39881
7098,599.62,170.77,31.538,76.923,-0.70183
7099,605.77,176.92,31.538,76.923,-0.97391
7124,438.58,168,28.991,70.709,-1.3013
7126,464.23,170.77,31.538,76.923,-0.53501
7127,439.62,170.77,31.538,76.923,-0.679
7128,467.79,167.32,34.577,84.335,-0.93133
7129,466.67,160.62,37.762,92.102,-1.2465
7130,466.67,168,37.762,92.102,-1.1331
7131,434.11,174.08,34.577,84.335,-0.63346
7132,461.05,174.08,34.577,84.335,-0.49843
7133,454.32,174.08,34.577,84.335,-0.93403
7134,427.5,166,41,100,0.11767
7135,429.89,175.38,37.762,92.102,-0.72632
7136,440.84,180.85,34.577,84.335,-0.3107
7137,435.5,174,41,100,-0.2475
7138,437.24,182.77,37.762,92.102,-0.47054
7139,434.11,187.61,34.577,84.335,0.11204
7140,429.89,182.77,37.762,92.102,-0.50179
7141,429.89,190.15,37.762,92.102,-0.56166
7142,422.53,190.15,37.762,92.102,-0.78072
7143,444.6,190.15,37.762,92.102,-0.54424
7144,400.46,190.15,37.762,92.102,-0.52717
7145,407.82,190.15,37.762,92.102,-0.17243
7146,393.1,197.54,37.762,92.102,-0.7276
7147,371.03,197.54,37.762,92.102,-0.86364
7148,348.97,197.54,37.762,92.102,0.34676
7149,304.83,197.54,37.762,92.102,0.020097
7150,253.33,197.54,37.762,92.102,-0.51633
7151,195.5,190,41,100,-0.42101
7152,115.5,198,41,100,-0.17943
7153,35.5,198,41,100,-0.65596
7192,480.89,179.41,24.322,59.321,-0.66312
7193,485.63,179.41,24.322,59.321,-0.59691
7194,492.58,179.35,26.452,64.516,-0.12288
7195,497.74,179.35,26.452,64.516,-0.14178
7196,508.06,179.35,26.452,64.516,-0.49196
7197,513.23,179.35,26.452,64.516,-0.82548
7198,519.62,170.77,31.538,76.923,-0.36593
7199,525.77,170.77,31.538,76.923,-0.94108
7200,531.92,170.77,31.538,76.923,-1.0818
7201,547.59,168,37.762,92.102,0.69682
7202,554.94,168,37.762,92.102,-0.32612
7203,569.66,160.62,37.762,92.102,-0.80898
7204,579.5,158,41,100,-0.22027
7205,595.5,158,41,100,-0.68607
7206,570,169.03,26.452,64.516,-1.4564
7253,514.07,169.9,24.322,59.321,-1.3878
7255,528.3,169.9,24.322,59.321,-1.3187
7256,540.53,162.35,28.991,70.709,-0.28908
7257,550.38,164.62,31.538,76.923,-1.12
7258,563.19,162.35,28.991,70.709,-1.1462
7260,571.5,150,41,100,-1.4469
7262,428.74,174.65,24.322,59.321,-0.069479
7263,415.16,174.19,26.452,64.516,0.0079665
7264,414.52,174.65,24.322,59.321,1.9118
7265,409.78,174.65,24.322,59.321,2.0635
7266,405.04,174.65,24.322,59.321,2.142
7267,404.84,174.19,26.452,64.516,0.96835
7268,394.52,174.19,26.452,64.516,1.5087
7269,432.92,162.35,28.991,70.709,0.16038
7270,425.48,169.03,26.452,64.516,0.63236
7271,371.92,164.62,31.538,76.923,1.0266
7272,365.77,170.77,31.538,76.923,2.0231
7273,404.6,168,28.991,70.709,1.0591
7274,346.53,167.32,34.577,84.335,1.1426
7275,334.25,168,37.762,92.102,0.60369
7276,319.54,168,37.762,92.102,0.34984
7277,304.83,168,37.762,92.102,0.23245
7278,291.5,166,41,100,1.0561
7279,283.5,166,41,100,0.13277
7280,259.5,174,41,100,-0.74464
7281,251.5,174,41,100,-0.70502
7282,227.5,174,41,100,-1.2356
7283,171.5,166,41,100,0.35438
7284,266.85,154.91,44.846,109.38,0.34155
7285,249.32,154.91,44.846,109.38,0.12379
7286,106.21,175.38,37.762,92.102,1.0096
7287,203.93,143.48,53.647,130.85,-0.11921
7288,91.538,144.62,63.077,153.85,0.60825
7289,30.137,163.64,44.846,109.38,0.051713
7290,151.48,143.48,53.647,130.85,1.7786
7291,19.167,143.33,68.333,166.67,1.2271
7292,243.85,165.15,24.322,59.321,-0.50691
7293,79.231,132.31,63.077,153.85,0.57881
7294,57.049,153.91,53.647,130.85,1.245
7295,32.5,130,68.333,166.67,0.74041
7296,219.03,163.87,26.452,64.516,-0.10866
7298,206.37,168,28.991,70.709,-1.2404
7299,172.58,174.19,26.452,64.516,-1.2623
7306,77.926,184.16,24.322,59.321,1.4127
7307,44.741,184.16,24.322,59.321,-0.24606
7308,92.148,184.16,24.322,59.321,0.17163
7309,243.85,179.41,24.322,59.321,-0.58766
7310,144.3,184.16,24.322,59.321,0.57534
7311,125.33,184.16,24.322,59.321,0.40687
7312,115.85,184.16,24.322,59.321,1.0956
7313,110.09,173.65,28.991,70.709,0.3385
7314,105.48,184.52,26.452,64.516,0.6155
7315,158.52,188.91,24.322,59.321,1.8912
7316,296.45,179.35,26.452,64.516,0.014726
7317,-10.909,129.6,98.974,241.4,-0.76456
7318,8.4848,129.6,98.974,241.4,-0.53671
7319,47.273,129.6,98.974,241.4,0.95093
7320,70.968,120,106.29,259.24,0.8811
7321,86.061,129.6,98.974,241.4,0.72825
7322,53.871,184.52,26.452,64.516,1.3894
7323,132.9,120,106.29,259.24,0.33366
7324,24.865,132.86,88.314,215.4,0.20277
7325,42.162,132.86,88.314,215.4,1.4631
7326,59.459,132.86,88.314,215.4,2.0297
7327,256.77,120,106.29,259.24,1.0089
7328,298.06,120,106.29,259.24,0.97843
7329,128.65,132.86,88.314,215.4,2.1691
7330,357.58,129.6,98.974,241.4,0.85906
7331,380.65,120,106.29,259.24,0.70722
7332,202.42,129.6,98.974,241.4,1.642
7333,232.43,132.86,88.314,215.4,1.0544
7334,260.61,129.6,98.974,241.4,0.49762
7397,497.6,120,130.47,318.22,-1.216
7399,467.14,131.43,117.14,285.71,-0.13314
7400,442.58,161.74,106.29,259.24,-0.68368
7401,421.94,140.87,106.29,259.24,-1.4826
7402,401.29,140.87,106.29,259.24,-0.61435
7403,396.36,148.8,98.974,241.4,-1.0541
7404,376.97,148.8,98.974,241.4,-1.446
7405,353.51,150,88.314,215.4,-1.2346
7406,336.22,167.14,88.314,215.4,-1.3724
7407,318.92,150,88.314,215.4,-1.1132
7408,301.62,150,88.314,215.4,-1.3305
7409,295,156,82,200,-0.035577
7410,284.32,150,88.314,215.4,-0.60049
7411,263,156,82,200,-1.0631
7413,225,46.667,136.67,333.33,-1.2712
7414,231,156,82,200,-1.1807
7415,215.14,150,88.314,215.4,-0.36544
7416,215,156,82,200,-0.25323
7417,199,156,82,200,-0.90725
7418,192.5,170,68.333,166.67,-1.4728
7419,518.33,100,136.67,333.33,-1.4455
7420,491.67,126.67,136.67,333.33,-0.98003
7421,472,120,130.47,318.22,-0.62511
7422,444.29,131.43,117.14,285.71,-0.7892
7423,438.33,100,136.67,333.33,-0.13261
7424,137.27,156.36,74.545,181.82,-1.3669
7425,375.71,131.43,117.14,285.71,-0.98977
7427,112.5,170,68.333,166.67,-1.0097
7428,360,140.28,34.577,84.335,-0.85662
7429,333.05,140.28,34.577,84.335,-1.3397
7430,50,156.36,74.545,181.82,-1.0048
7431,32.5,170,68.333,166.67,-1.1921
7433,215,172,82,200,-0.42888
7434,91.494,145.85,37.762,92.102,-0.92116
7485,585.48,179.35,26.452,64.516,0.077066
7486,594.67,184.16,24.322,59.321,-1.2424
7534,528.3,174.65,24.322,59.321,-1.1604
7554,483.5,134,41,100,-1.2044
7558,528.71,163.87,26.452,64.516,-1.1877
7559,532.87,138.46,37.762,92.102,-1.1642
7560,551.86,162.35,28.991,70.709,-1.2798
7562,589.05,160.56,34.577,84.335,-0.29533
7585,611.29,174.19,26.452,64.516,-1.2883
7676,566.22,169.9,24.322,59.321,0.43399
7677,561.48,169.9,24.322,59.321,2.2516
7680,542.52,169.9,24.322,59.321,1.047
7681,537.78,169.9,24.322,59.321,1.9666
7682,528.3,174.65,24.322,59.321,1.2647
7683,518.81,169.9,24.322,59.321,0.86908
7684,514.07,169.9,24.322,59.321,0.66742
7685,504.59,169.9,24.322,59.321,0.3009
7686,499.85,169.9,24.322,59.321,0.55331
7687,495.11,174.65,24.322,59.321,-0.067282
7688,482.69,158.46,31.538,76.923,-1.1258
7690,464.23,158.46,31.538,76.923,-1.3512
7691,528.3,174.65,24.322,59.321,-0.93831
7692,537.78,165.15,24.322,59.321,-0.88762
7693,509.33,169.9,24.322,59.321,-0.69546
7694,518.81,165.15,24.322,59.321,-0.84394
7696,497.74,163.87,26.452,64.516,-1.4935
7697,466.67,169.9,24.322,59.321,-1.1031
7698,456.45,163.87,26.452,64.516,-1.2042
7699,471.94,163.87,26.452,64.516,0.2562
7700,461.61,163.87,26.452,64.516,-1.0357
7701,449.91,162.35,28.991,70.709,-1.1493
7702,444.25,162.35,28.991,70.709,-0.89075
7703,571.5,158,41,100,-0.37483
7712,461.93,165.15,24.322,59.321,-1.0526
7714,471.41,165.15,24.322,59.321,-1.1872
7715,471.41,165.15,24.322,59.321,-1.1703
7717,452.44,169.9,24.322,59.321,-1.1119
7719,398.94,162.35,28.991,70.709,-1.1867
7720,348.97,153.23,37.762,92.102,-0.56797
7721,299.37,160.56,34.577,84.335,-0.68975
7722,238.74,160.56,34.577,84.335,-0.37996
7723,155.5,150,41,100,-0.93093
7724,76.782,153.23,37.762,92.102,-0.28364
7764,604.15,179.41,24.322,59.321,-1.2903
7766,613.63,184.16,24.322,59.321,-1.1521
7793,606.13,169.03,26.452,64.516,1.1477
7818,521.1,146.18,44.846,109.38,-1.3661
7819,523.55,153.55,26.452,64.516,-1.2801
7822,487.21,133.04,53.647,130.85,-1.0436
7824,466.67,145.85,37.762,92.102,-1.2897
7825,445.25,143.48,53.647,130.85,-0.080469
7826,437.24,153.23,37.762,92.102,-1.4973
7842,107.86,145.71,58.571,142.86,-0.70751
7843,96.429,145.71,58.571,142.86,-1.0317
7845,50.714,145.71,58.571,142.86,-0.75596
7846,27.857,157.14,58.571,142.86,-0.81124
7847,15.082,153.91,53.647,130.85,0.16842
7891,4.5902,174.78,53.647,130.85,-1.0651
7892,51.94,170.4,49.058,119.65,-1.2184
7893,85,168.57,58.571,142.86,0.44636
7894,140.98,164.35,53.647,130.85,-1.1312
7901,453.13,170.4,49.058,119.65,-1.3598
7902,491.34,170.4,49.058,119.65,-0.468
7903,459.73,163.64,44.846,109.38,-1.3096
7904,567.76,170.4,49.058,119.65,0.065924
7905,510.45,160.8,49.058,119.65,-0.71581
7906,538.63,172.36,44.846,109.38,-1.1731
7907,548.66,170.4,49.058,119.65,-0.19102
7908,573.7,172.36,44.846,109.38,-0.6167
7909,586.87,160.8,49.058,119.65,-0.37079
7910,600,163.64,44.846,109.38,-0.83853
7952,597.17,173.65,28.991,70.709,-1.1309
7953,597.17,173.65,28.991,70.709,-0.89555
7955,591.5,173.65,28.991,70.709,-1.1842
7956,585.84,173.65,28.991,70.709,-0.55817
7957,585.84,173.65,28.991,70.709,-0.69617
7958,585.84,173.65,28.991,70.709,-0.31102
7959,585.48,174.19,26.452,64.516,-0.0094799
7960,580.32,174.19,26.452,64.516,-1.2782
7961,574.51,168,28.991,70.709,-0.17602
7962,574.51,168,28.991,70.709,0.0011467
7963,575.16,174.19,26.452,64.516,0.031291
7964,568.85,168,28.991,70.709,1.0228
7965,568.85,168,28.991,70.709,0.72315
7966,570,174.19,26.452,64.516,0.26046
7967,564.84,174.19,26.452,64.516,0.61595
7968,564.84,174.19,26.452,64.516,0.42566
7969,564.84,174.19,26.452,64.516,-0.24733
7970,559.68,174.19,26.452,64.516,1.0614
7971,559.68,174.19,26.452,64.516,0.83491
7972,554.52,174.19,26.452,64.516,-0.62708
7973,559.68,174.19,26.452,64.516,-1.1918
7974,554.52,174.19,26.452,64.516,0.20793
7975,554.52,174.19,26.452,64.516,-0.62795
7976,549.35,174.19,26.452,64.516,-0.34996
7977,549.35,174.19,26.452,64.516,0.27176
7978,549.35,174.19,26.452,64.516,0.079557
7979,549.35,174.19,26.452,64.516,-0.66275
7980,544.19,174.19,26.452,64.516,-0.03395
7981,547.26,174.65,24.322,59.321,-0.061104
7982,544.19,174.19,26.452,64.516,-0.72049
7983,542.52,174.65,24.322,59.321,-0.51637
7984,542.52,174.65,24.322,59.321,0.14074
7986,564.84,169.03,26.452,64.516,-0.43394
7987,537.78,174.65,24.322,59.321,-0.45154
7988,561.48,174.65,24.322,59.321,-0.73851
7990,533.04,174.65,24.322,59.321,0.58632
7991,533.04,174.65,24.322,59.321,0.16246
7992,533.04,174.65,24.322,59.321,1.0545
7994,528.3,174.65,24.322,59.321,-0.60023
7995,528.3,174.65,24.322,59.321,-0.33947
7996,528.3,174.65,24.322,59.321,-1.1318
7997,528.3,174.65,24.322,59.321,-1.2844
8097,427.26,173.65,28.991,70.709,-1.4248
8099,434.11,167.32,34.577,84.335,-1.018
8101,459.5,158,41,100,-1.411
8104,497.7,153.91,53.647,130.85,-1.4662
8210,523.56,174.65,24.322,59.321,-0.2217
8211,537.78,174.65,24.322,59.321,-0.33751
8212,552,174.65,24.322,59.321,-1.1051
8213,568.85,168,28.991,70.709,-1.216
8214,587.31,170.77,31.538,76.923,-0.1449
8215,602.53,167.32,34.577,84.335,-0.93896
8352,444.6,160.62,37.762,92.102,-1.3775
8353,435.5,158,41,100,-0.60136
8354,435.5,158,41,100,0.047288
8355,435.5,158,41,100,-0.53298
8356,433.42,154.91,44.846,109.38,-1.2311
8361,433.42,146.18,44.846,109.38,-0.35491
8362,434.75,143.48,53.647,130.85,-0.73105
8363,445.25,133.04,53.647,130.85,-1.3222
8364,455.74,143.48,53.647,130.85,-0.7993
8365,473.57,134.29,58.571,142.86,-0.66528
8366,485.38,132.31,63.077,153.85,-0.46269
8368,512.5,130,68.333,166.67,-0.43595
8369,526.49,98.571,88.314,215.4,-0.53274
8370,543.78,115.71,88.314,215.4,-0.10282
8371,549.35,179.35,26.452,64.516,-1.4222
8373,580.18,173.65,28.991,70.709,-1.2263
8374,599.08,160.62,37.762,92.102,-1.2082
8421,523.56,179.41,24.322,59.321,-1.3043
8425,544.19,179.35,26.452,64.516,-1.3743
8426,499.85,174.65,24.322,59.321,-0.024013
8429,514.07,179.41,24.322,59.321,-0.83847
8430,518.81,179.41,24.322,59.321,0.23208
8431,523.55,179.35,26.452,64.516,-0.29565
8432,529.2,173.65,28.991,70.709,-0.076043
8433,539.03,179.35,26.452,64.516,-0.88599
8434,546.19,173.65,28.991,70.709,-1.0342
8435,551.86,173.65,28.991,70.709,-0.8605
8436,563.19,173.65,28.991,70.709,-0.20891
8437,568.85,173.65,28.991,70.709,-1.1258
8438,585.84,173.65,28.991,70.709,-1.0308
8446,512.86,108.57,117.14,285.71,-1.2287
8447,483.87,140.87,106.29,259.24,-1.247
8448,454.55,168,98.974,241.4,-0.97169
8450,376.97,148.8,98.974,241.4,-0.89622
8452,311,172,82,200,-0.68022
8454,219.17,196.67,68.333,166.67,-0.90376
8455,167,156,82,200,-1.224
8456,122.73,170.91,74.545,181.82,-1.2015
8457,62.143,202.86,58.571,142.86,-0.59713
8458,565.83,183.33,68.333,166.67,-1.2195
8459,503,172,82,200,0.99342
8460,423,172,82,200,-0.73605
8461,343,172,82,200,0.89883
8462,263,172,82,200,0.66857
8463,163.24,167.14,88.314,215.4,0.72016
8464,42.162,167.14,88.314,215.4,0.87519
8544,101.63,150.89,24.322,59.321,-0.9213
8549,58.077,158.46,31.538,76.923,-1.3023
8590,595.5,150,41,100,-1.32
8835,514.07,174.65,24.322,59.321,-1.3433
8843,495.11,179.41,24.322,59.321,-1.1894
8845,504.59,179.41,24.322,59.321,-0.99647
8846,616.45,179.35,26.452,64.516,-1.0254
8847,513.23,174.19,26.452,64.516,-1.0017
8852,555.5,158,41,100,-0.70949
8854,584.37,160.62,37.762,92.102,-1.4427
8944,591.5,168,28.991,70.709,-0.83265
8945,602.83,168,28.991,70.709,-0.45888
8953,414.52,174.65,24.322,59.321,-1.4998
9061,570.96,174.65,24.322,59.321,-0.69436
9063,594.67,174.65,24.322,59.321,-1.2472
9064,606.13,174.19,26.452,64.516,-1.074
9123,429.89,175.38,37.762,92.102,-0.73172
9124,435.5,174,41,100,-0.40941
9125,435.5,174,41,100,-0.50067
9126,443.5,174,41,100,-0.29423
9127,443.5,174,41,100,-0.10029
9128,451.5,174,41,100,-1.144
9129,451.5,174,41,100,-0.91603
9130,459.5,174,41,100,-0.78509
9131,459.73,172.36,44.846,109.38,-0.55915
9132,467.5,174,41,100,-0.8834
9133,468.49,172.36,44.846,109.38,-1.2708
9134,477.26,172.36,44.846,109.38,-0.84138
9136,575.7,174.65,24.322,59.321,-0.42234
9137,580.44,174.65,24.322,59.321,-0.80565
9138,512.33,163.64,44.846,109.38,-1.4584
9139,510.45,160.8,49.058,119.65,-1.2549
9140,523.5,166,41,100,-1.4227
9141,529.55,170.4,49.058,119.65,-0.95681
9142,538.63,163.64,44.846,109.38,-1.4632
9143,539.1,170.4,49.058,119.65,-1.0723
9145,547.5,166,41,100,-1.4845
9146,547.5,166,41,100,-1.0464
9147,548.66,170.4,49.058,119.65,-1.0882
9148,547.4,172.36,44.846,109.38,-1.3745
9149,539.67,164.35,53.647,130.85,-0.96556
9150,539.1,170.4,49.058,119.65,-0.20252
9151,547.5,166,41,100,-0.71326
9152,547.4,172.36,44.846,109.38,-0.80307
9155,558.21,170.4,49.058,119.65,-1.0722
9156,548.66,170.4,49.058,119.65,-1.3248
9157,548.66,170.4,49.058,119.65,-1.3131
9159,539.1,170.4,49.058,119.65,-1.078
9160,538.63,172.36,44.846,109.38,-0.7083
9161,529.55,160.8,49.058,119.65,-0.60343
9162,529.55,160.8,49.058,119.65,-1.4996
9163,521.1,163.64,44.846,109.38,-1.4085
9164,515.5,174,41,100,-1.17
9165,515.5,166,41,100,-1.3281
9166,507.5,174,41,100,-1.4359
9167,503.56,163.64,44.846,109.38,-1.0845
9170,491.5,166,41,100,-0.88266
9172,483.5,166,41,100,-1.4597
9178,559.68,163.87,26.452,64.516,-1.3722
9180,570,163.87,26.452,64.516,-1.2958
9185,585.48,163.87,26.452,64.516,-1.3792
9186,589.93,169.9,24.322,59.321,-0.71568
9187,591.5,162.35,28.991,70.709,-0.27038
9188,595.81,169.03,26.452,64.516,-0.59987
9189,595.81,169.03,26.452,64.516,-1.2643
9190,597.17,168,28.991,70.709,-0.52491
9191,600.97,169.03,26.452,64.516,-0.2579
9192,600.97,169.03,26.452,64.516,0.034448
9193,602.83,168,28.991,70.709,-0.083894
9194,606.13,169.03,26.452,64.516,-0.23838
9195,608.5,168,28.991,70.709,-0.91479
9196,608.5,168,28.991,70.709,-0.26445
9197,608.5,168,28.991,70.709,-0.71295
9198,608.5,168,28.991,70.709,-1.3774
9199,614.16,168,28.991,70.709,-1.4474
9200,597.17,168,28.991,70.709,-0.32533
9202,600.97,174.19,26.452,64.516,-0.51079
9203,602.83,173.65,28.991,70.709,-0.77349
9204,602.83,173.65,28.991,70.709,-0.75312
9205,602.83,173.65,28.991,70.709,-0.57179
9206,608.5,173.65,28.991,70.709,-0.83064
9207,608.5,173.65,28.991,70.709,0.53564
9208,611.29,174.19,26.452,64.516,-0.30314
9209,608.5,173.65,28.991,70.709,-0.38496
9210,614.16,173.65,28.991,70.709,-1.2151
9331,595.5,150,41,100,-0.95435
9338,513.23,184.52,26.452,64.516,-1.0354
9342,575.7,184.16,24.322,59.321,-1.4503
9343,593.46,176.92,31.538,76.923,-0.38277
9481,512.86,-5.7143,117.14,285.71,-1.1358
9494,552,169.9,24.322,59.321,-0.10744
9496,561.48,169.9,24.322,59.321,-0.068404
9498,570.96,169.9,24.322,59.321,-0.44244
9499,575.16,169.03,26.452,64.516,0.73244
9500,580.32,169.03,26.452,64.516,-0.35109
9501,585.48,169.03,26.452,64.516,0.92261
9502,591.5,168,28.991,70.709,-0.12868
9503,595.81,169.03,26.452,64.516,1.0218
9504,600.97,169.03,26.452,64.516,-0.012669
9505,608.5,162.35,28.991,70.709,-0.63024
9506,608.5,162.35,28.991,70.709,-0.88916
9615,21.37,111.27,44.846,109.38,-0.93576
9623,533.04,169.9,24.322,59.321,-1.4728
9684,27.879,129.6,98.974,241.4,-0.79288
9685,50.323,120,106.29,259.24,-1.4705
9686,91.613,120,106.29,259.24,-1.3163
9687,112.26,120,106.29,259.24,-0.89959
9688,153.55,120,106.29,259.24,-0.13821
9690,236.13,120,106.29,259.24,-1.0785
9691,260.61,129.6,98.974,241.4,-0.91022
9692,307.14,108.57,117.14,285.71,-1.4674
9693,318.71,120,106.29,259.24,-1.0281
9694,360,120,106.29,259.24,0.69542
9695,380.65,120,106.29,259.24,0.1983
9696,421.94,120,106.29,259.24,-0.97745
9697,442.58,120,106.29,259.24,0.098033
9698,463.23,120,106.29,259.24,-0.13332
9699,493.33,129.6,98.974,241.4,-0.20033
9700,103,156,82,200,-0.33144
9701,135,156,82,200,0.42461
9702,519,124,82,200,-0.071367
9703,535,124,82,200,0.43361
9704,532.12,110.4,98.974,241.4,0.14028
9705,551,124,82,200,-0.14352
9706,561.08,115.71,88.314,215.4,-0.37341
9707,567,124,82,200,0.11541
9708,295,140,82,200,-0.35087
9709,327,156,82,200,-0.80562
9710,343,140,82,200,-0.55965
9711,370,156.36,74.545,181.82,-0.23465
9712,388.11,132.86,88.314,215.4,-0.43683
9713,407,140,82,200,-0.54047
9714,439,140,82,200,-0.14189
9715,455,140,82,200,-0.094447
9716,487,140,82,200,-0.69403
9717,503,140,82,200,0.25445
9718,526.49,132.86,88.314,215.4,-0.59948
9719,551,140,82,200,-0.18161
10029,466.77,179.35,26.452,64.516,-1.2519
10030,478.23,179.29,28.991,70.709,-1.0331
10031,489.56,184.94,28.991,70.709,-0.85326
10032,501.15,183.08,31.538,76.923,-0.99828
10033,519.62,183.08,31.538,76.923,-0.60504
10034,528.42,180.85,34.577,84.335,-0.32027
10036,563.5,182,41,100,-0.51002
10037,586.87,170.4,49.058,119.65,-0.91774
10121,425.48,184.52,26.452,64.516,-1.4309
10122,528.3,188.91,24.322,59.321,-1.1559
10123,546.19,184.94,28.991,70.709,-1.3191
10126,614.16,184.94,28.991,70.709,-1.3222
10127,488.85,183.08,31.538,76.923,-1.4053
10129,508.21,174.08,34.577,84.335,-1.251
10130,507.5,166,41,100,-1.2158
10138,462.69,141.6,49.058,119.65,-0.61033
10139,453.13,151.2,49.058,119.65,-1.1282
10141,405,134.29,58.571,142.86,-1.2924
10142,386.92,132.31,63.077,153.85,-1.0768
10144,362.31,132.31,63.077,153.85,-0.9411
10145,325.38,132.31,63.077,153.85,-0.6907
10146,311.82,112.73,74.545,181.82,-1.0149
10151,165.83,143.33,68.333,166.67,-1.0405
10153,94.054,98.571,88.314,215.4,-0.56673
10202,73.185,188.91,24.322,59.321,-1.1902
10203,53.451,184.94,28.991,70.709,-0.48633
10205,15,183.08,31.538,76.923,-1.0808
10228,443.5,166,41,100,-0.69067
10232,497.7,174.78,53.647,130.85,-1.3367
10256,533.87,174.19,26.452,64.516,-1.1835
10257,534.87,173.65,28.991,70.709,0.27404
10258,540.53,173.65,28.991,70.709,0.31405
10259,534.87,173.65,28.991,70.709,-0.43545
10260,551.86,173.65,28.991,70.709,-0.11199
10261,557.52,173.65,28.991,70.709,-0.39599
10262,563.19,173.65,28.991,70.709,0.028907
10263,531.92,176.92,31.538,76.923,0.41449
10264,574.51,179.29,28.991,70.709,-0.10113
10265,575.58,174.08,34.577,84.335,0.48224
10266,580.18,184.94,28.991,70.709,-0.92585
10267,580.18,184.94,28.991,70.709,-0.51833
10268,574.51,190.59,28.991,70.709,-0.772
10269,464.23,183.08,31.538,76.923,-0.93771
10270,563.5,166,41,100,-1.0295
10271,548.63,187.61,34.577,84.335,-0.36286
10272,535.16,180.85,34.577,84.335,0.43723
10273,518.16,175.38,37.762,92.102,-0.33278
10274,491.5,174,41,100,-0.46576
10275,467.5,166,41,100,-1.4933
10276,450.96,163.64,44.846,109.38,-1.4719
10277,424.66,154.91,44.846,109.38,-0.086223
10278,395.82,160.8,49.058,119.65,-1.4527
10279,352.5,130,68.333,166.67,-1.3549
10280,319.45,172.36,44.846,109.38,-1.3343
10281,266.89,153.91,53.647,130.85,-0.3527
10282,224.92,153.91,53.647,130.85,-1.1666
10283,165.38,144.62,63.077,153.85,-1.0867
10286,21.37,163.64,44.846,109.38,-0.64534
10416,575,152.31,31.538,76.923,-1.3331
10417,593.46,146.15,31.538,76.923,-0.77115
10483,604.15,184.16,24.322,59.321,-0.85258
10514,514.07,184.16,24.322,59.321,-1.4166
10579,50.714,88.571,58.571,142.86,-1.4716
10610,23,92,82,200,-1.3052
10620,260.69,175.38,37.762,92.102,-1.2591
10729,51.923,152.31,31.538,76.923,-1.0314
10769,101.63,184.16,24.322,59.321,-1.3775
10770,96.889,184.16,24.322,59.321,-1.3146
10775,126.13,184.52,26.452,64.516,-1.0769
10776,126.13,184.52,26.452,64.516,-1.4567
10778,101.63,184.16,24.322,59.321,-0.91455
10802,79.677,189.68,26.452,64.516,-1.3727
10815,90,194.84,26.452,64.516,-1.4499
10956,4.1791,189.6,49.058,119.65,-1.0538
10957,42.388,199.2,49.058,119.65,-1.1252
10958,88.525,185.22,53.647,130.85,-0.41936
10959,140.98,185.22,53.647,130.85,-1.3291
10960,187.86,180,58.571,142.86,-0.77554
10961,239.23,169.23,63.077,153.85,-0.039347
10962,288.46,169.23,63.077,153.85,-0.21059
10963,352.5,156.67,68.333,166.67,-0.14416
10964,423,140,82,200,0.072625
10965,503,140,82,200,0.73912
11033,466.67,160.4,24.322,59.321,-1.0013
11109,427.26,179.29,28.991,70.709,0.40993
11110,435.81,179.35,26.452,64.516,0.1961
11111,514.07,169.9,24.322,59.321,-0.75728
11112,456.45,179.35,26.452,64.516,0.86298
11113,461.61,179.35,26.452,64.516,0.99882
11114,472.57,173.65,28.991,70.709,-0.72194
11115,482.26,179.35,26.452,64.516,-0.18644
11116,489.56,173.65,28.991,70.709,-0.083241
11117,495.22,173.65,28.991,70.709,-0.11829
11118,507.31,170.77,31.538,76.923,1.5679
11119,513.46,170.77,31.538,76.923,0.054571
11120,523.55,179.35,26.452,64.516,0.40701
11121,531.92,170.77,31.538,76.923,0.71331
11122,540.53,179.29,28.991,70.709,0.65141
11123,551.86,179.29,28.991,70.709,-0.36342
11124,563.19,179.29,28.991,70.709,-0.62852
11125,534.87,173.65,28.991,70.709,-0.094604
11126,540.53,173.65,28.991,70.709,-0.68062
11129,544.23,176.92,31.538,76.923,-0.72935
11130,546.19,179.29,28.991,70.709,-0.65138
11131,544.23,176.92,31.538,76.923,-0.5356
11132,548.63,167.32,34.577,84.335,-0.75302
11133,550.38,176.92,31.538,76.923,0.8778
11134,548.63,174.08,34.577,84.335,-0.18009
11135,555.37,174.08,34.577,84.335,0.039875
11136,557.52,184.94,28.991,70.709,-0.49368
11137,556.54,176.92,31.538,76.923,-1.4515
11138,562.69,176.92,31.538,76.923,-1.3837
11139,457.19,188.91,24.322,59.321,-1.0095
11144,582.32,174.08,34.577,84.335,-0.88477
11145,582.32,180.85,34.577,84.335,-1.1053
11146,593.46,183.08,31.538,76.923,-0.54636
11147,593.46,183.08,31.538,76.923,-0.18959
11148,593.46,183.08,31.538,76.923,-0.38039
11149,595.79,180.85,34.577,84.335,-0.93513
11151,437.24,175.38,37.762,92.102,-0.56002
11152,595.5,166,41,100,-0.95004
11153,454.32,180.85,34.577,84.335,-0.93794
11154,599.08,175.38,37.762,92.102,-1.2398
11155,595.5,166,41,100,-1.1892
11157,494.74,180.85,34.577,84.335,-0.89075
11158,464.23,183.08,31.538,76.923,-0.19599
11159,599.08,175.38,37.762,92.102,-1.1811
11160,602.83,179.29,28.991,70.709,-1.1152
11163,550.38,183.08,31.538,76.923,-1.0783
11164,599.62,183.08,31.538,76.923,-0.29095
11165,472.57,184.94,28.991,70.709,-1.2492
11166,595.5,174,41,100,-0.85631
11167,591.72,175.38,37.762,92.102,-0.27748
11168,595.79,180.85,34.577,84.335,-0.43068
11169,599.62,183.08,31.538,76.923,-0.34696
11170,595.5,174,41,100,-0.49553
11173,477.1,189.68,26.452,64.516,-0.78212
11174,602.53,180.85,34.577,84.335,-1.1177
11175,482.69,183.08,31.538,76.923,-1.16
11176,482.69,183.08,31.538,76.923,-0.82002
11177,483.89,184.94,28.991,70.709,-0.016453
11178,483.89,184.94,28.991,70.709,-0.53527
11179,488.85,183.08,31.538,76.923,-0.41652
11180,488.85,183.08,31.538,76.923,-0.84571
11181,602.53,187.61,34.577,84.335,-0.65007
11182,489.56,184.94,28.991,70.709,-0.86338
11188,501.47,180.85,34.577,84.335,-0.35784
11189,506.55,190.59,28.991,70.709,-0.79363
11190,507.31,183.08,31.538,76.923,-0.68419
11191,507.31,183.08,31.538,76.923,-0.62546
11192,508.21,180.85,34.577,84.335,0.64899
11193,513.46,183.08,31.538,76.923,-0.65285
11194,602.53,180.85,34.577,84.335,-0.73697
11198,602.53,180.85,34.577,84.335,-0.86247
11199,528.42,180.85,34.577,84.335,-0.24508
11200,528.42,180.85,34.577,84.335,-0.2505
11201,532.87,175.38,37.762,92.102,0.18796
11205,540.23,182.77,37.762,92.102,-0.24544
11209,547.59,182.77,37.762,92.102,-0.34662
11210,547.59,182.77,37.762,92.102,-0.078265
11211,593.46,189.23,31.538,76.923,-0.88554
11212,547.5,174,41,100,0.13062
11213,547.5,174,41,100,-0.13527
11214,547.59,182.77,37.762,92.102,-0.42318
11215,547.5,182,41,100,0.5854
11216,547.5,182,41,100,0.48894
11217,547.5,182,41,100,0.46912
11218,547.5,182,41,100,-0.37575
11219,539.5,182,41,100,-0.19032
11220,539.5,182,41,100,0.10863
11221,547.5,182,41,100,0.052747
11222,539.5,182,41,100,-0.27156
11223,539.5,182,41,100,-0.33803
11224,539.5,182,41,100,-0.70581
11230,547.5,182,41,100,-0.63416
11231,547.5,182,41,100,-0.41555
11232,538.63,181.09,44.846,109.38,-0.0691
11233,547.4,181.09,44.846,109.38,0.48806
11234,547.4,181.09,44.846,109.38,0.17224
11235,547.4,181.09,44.846,109.38,0.50459
11236,547.4,181.09,44.846,109.38,-0.51435
11237,538.63,181.09,44.846,109.38,-0.027163
11238,538.63,181.09,44.846,109.38,-0.39252
11239,538.63,181.09,44.846,109.38,0.11461
11240,538.63,181.09,44.846,109.38,-0.60847
11241,547.5,190,41,100,-0.11604
11242,547.4,181.09,44.846,109.38,0.35591
11243,547.4,181.09,44.846,109.38,0.49463
11244,547.4,181.09,44.846,109.38,0.71165
11245,555.5,190,41,100,0.81024
11246,579.5,190,41,100,-0.048748
11247,579.5,190,41,100,0.37642
11248,587.5,182,41,100,-0.1749
11249,548.66,180,49.058,119.65,0.16877
11250,587.5,190,41,100,0.37838
11251,548.66,180,49.058,119.65,0.38292
11252,558.21,180,49.058,119.65,0.54659
11253,595.5,190,41,100,1.1148
11254,550.16,174.78,53.647,130.85,0.78028
11255,550.16,174.78,53.647,130.85,0.65739
11256,550.16,174.78,53.647,130.85,0.27864
11257,550.16,174.78,53.647,130.85,-0.2161
11258,560.66,174.78,53.647,130.85,0.012284
11259,560.66,174.78,53.647,130.85,-0.21108
11260,553.57,168.57,58.571,142.86,-0.25389
11261,560.66,185.22,53.647,130.85,0.23925
11262,565,168.57,58.571,142.86,-0.70771
11263,565,168.57,58.571,142.86,-1.0927
11264,576.43,180,58.571,142.86,-0.73584
11265,576.43,168.57,58.571,142.86,-1.1026
11266,565.83,156.67,68.333,166.67,-1.3015
11289,587.86,168.57,58.571,142.86,-0.68613
11290,576.43,168.57,58.571,142.86,-0.20805
11291,576.43,168.57,58.571,142.86,0.47871
11292,565,168.57,58.571,142.86,1.153
11293,560.66,174.78,53.647,130.85,1.6174
11294,553.57,168.57,58.571,142.86,1.2548
11295,550.16,174.78,53.647,130.85,1.6997
11296,542.14,168.57,58.571,142.86,1.0462
11297,539.67,174.78,53.647,130.85,0.25541
11298,529.18,174.78,53.647,130.85,1.3121
11299,529.18,174.78,53.647,130.85,1.139
11300,529.18,174.78,53.647,130.85,1.7665
11301,529.18,174.78,53.647,130.85,1.5109
11302,518.69,174.78,53.647,130.85,1.0236
11303,587.5,182,41,100,0.68315
11304,510.45,180,49.058,119.65,0.54304
11305,577.31,170.4,49.058,119.65,-0.23487
11306,491.34,170.4,49.058,119.65,0.34817
11307,472.24,170.4,49.058,119.65,0.23089
11308,462.69,170.4,49.058,119.65,0.26078
11309,453.13,170.4,49.058,119.65,1.1541
11310,434.03,170.4,49.058,119.65,-0.64037
11311,414.93,170.4,49.058,119.65,-0.81196
11312,407.82,190.15,37.762,92.102,-0.73244
11313,395.5,182,41,100,-0.51091
11314,380.82,172.36,44.846,109.38,-0.4835
11315,363.29,172.36,44.846,109.38,-0.44615
11316,345.75,172.36,44.846,109.38,-0.45473
11317,336.99,172.36,44.846,109.38,-0.19237
11318,323.5,174,41,100,-0.98453
11319,595.5,174,41,100,0.44356
11320,579.5,174,41,100,-0.83337
11321,573.7,172.36,44.846,109.38,-0.41528
11322,291.5,174,41,100,-1.2451
11323,282.76,175.38,37.762,92.102,-0.72889
11324,275.4,175.38,37.762,92.102,0.12633
11325,523.5,182,41,100,1.4054
11326,503.56,181.09,44.846,109.38,0.77805
11327,245.98,175.38,37.762,92.102,1.0992
11328,462.69,170.4,49.058,119.65,0.62763
11329,434.03,170.4,49.058,119.65,0.83714
11330,414.93,170.4,49.058,119.65,1.2582
11331,386.27,170.4,49.058,119.65,0.95991
11332,345.75,181.09,44.846,109.38,1.1372
11333,290.75,170.4,49.058,119.65,-0.69722
11334,240.55,181.09,44.846,109.38,-0.30098
11335,179.18,181.09,44.846,109.38,-0.81716
11373,508.06,169.03,26.452,64.516,-1.4851
11374,513.23,169.03,26.452,64.516,-1.4792
11383,495.11,165.15,24.322,59.321,-1.0037
11384,504.59,169.9,24.322,59.321,-0.88918
11385,518.39,163.87,26.452,64.516,-0.66448
11386,528.3,169.9,24.322,59.321,-0.7924
11388,552,169.9,24.322,59.321,0.11902
11389,557.52,162.35,28.991,70.709,-0.64454
11390,602.53,153.8,34.577,84.335,-0.4025
11391,582.32,160.56,34.577,84.335,0.13132
11392,595.5,150,41,100,-0.38329
11403,547.26,165.15,24.322,59.321,-0.87907
11404,561.48,165.15,24.322,59.321,-1.114
11407,591.5,156.71,28.991,70.709,-1.1246
11424,557.52,162.35,28.991,70.709,-0.90193
11425,568.85,164.62,31.538,76.923,-0.31498
11426,575.58,160.56,34.577,84.335,-0.78668
11467,550.16,143.48,53.647,130.85,-0.87414
11468,559.23,132.31,63.077,153.85,-1.3789
11536,219.5,118,41,100,-1.3705
11724,51.923,152.31,31.538,76.923,-1.1093
11725,39.615,152.31,31.538,76.923,-1.11
11728,23.158,147.04,34.577,84.335,-1.4096
11736,-9,60,82,200,-1.494
11737,555.5,118,41,100,-1.2483
11740,573.7,111.27,44.846,109.38,-1.0911
11742,586.87,103.2,49.058,119.65,-1.3661
11827,88.846,201.54,31.538,76.923,-1.22
11828,150.38,201.54,31.538,76.923,-0.75232
11831,371.03,175.38,37.762,92.102,-0.98265
11913,495.11,179.41,24.322,59.321,-1.2228
11914,502.9,174.19,26.452,64.516,-1.1347
11915,512.21,173.65,28.991,70.709,-0.96734
11918,555.37,167.32,34.577,84.335,-1.1445
11920,595.5,166,41,100,-0.75283
12017,517.88,156.71,28.991,70.709,-1.4027
12021,528.3,165.15,24.322,59.321,-0.72239
12022,529.2,156.71,28.991,70.709,-0.29239
12023,528.71,163.87,26.452,64.516,-0.89992
12024,528.71,163.87,26.452,64.516,-0.53254
12025,529.2,162.35,28.991,70.709,-1.3499
12026,528.71,169.03,26.452,64.516,-1.1246
12027,528.71,169.03,26.452,64.516,-1.4696
12028,523.54,162.35,28.991,70.709,-1.2556
12030,528.71,169.03,26.452,64.516,-1.0283
12035,523.54,168,28.991,70.709,-1.1696
12042,518.39,174.19,26.452,64.516,-1.3144
12113,461.24,179.29,28.991,70.709,-1.0616
12114,461.24,179.29,28.991,70.709,-0.81133
12117,471.94,184.52,26.452,64.516,-1.4051
12120,485.63,174.65,24.322,59.321,-1.4438
12168,528.71,179.35,26.452,64.516,-1.3279
12169,523.5,174,41,100,-0.56805
12170,525.52,175.38,37.762,92.102,-0.63333
12171,531.5,174,41,100,-0.59718
12172,539.5,174,41,100,-0.51335
12173,547.5,174,41,100,-0.021169
12174,555.5,174,41,100,-0.62625
12175,563.5,174,41,100,0.3829
12176,571.5,174,41,100,1.1897
12177,579.5,174,41,100,-0.16582
12178,586.87,160.8,49.058,119.65,0.67398
12179,596.42,160.8,49.058,119.65,-0.76535
12219,523.56,179.41,24.322,59.321,-1.4559
12220,528.3,179.41,24.322,59.321,-1.4247
12221,513.46,164.62,31.538,76.923,-1.4029
12222,546.19,173.65,28.991,70.709,-0.63192
12223,563.19,173.65,28.991,70.709,-0.47282
12294,38.904,163.64,44.846,109.38,-1.4352
12295,32.836,151.2,49.058,119.65,-1.4995
12297,13.731,151.2,49.058,119.65,-1.2877
12373,561.08,30,88.314,215.4,-1.0128
13057,-9,44,82,200,-1.1439
13077,599.41,165.15,24.322,59.321,-1.4075
13403,559.68,169.03,26.452,64.516,-0.20481
13404,574.51,168,28.991,70.709,-0.22551
13405,595.81,169.03,26.452,64.516,-0.52761
13440,575.16,169.03,26.452,64.516,-1.1556
13441,591.5,168,28.991,70.709,-1.2662
13648,591.23,154.91,44.846,109.38,-1.4175
13650,547.26,165.15,24.322,59.321,-1.2891
14147,427.31,158.46,31.538,76.923,-1.2488
14233,459.5,158,41,100,-1.3874
14356,523.54,151.06,28.991,70.709,-1.4279
14760,564.84,189.68,26.452,64.516,-1.3929
14807,534.87,184.94,28.991,70.709,-1.1791
14808,538.08,183.08,31.538,76.923,-0.78195
14812,589.93,184.16,24.322,59.321,-0.18122
14813,600.97,179.35,26.452,64.516,-0.25958
14814,616.45,184.52,26.452,64.516,-0.6435
14817,600.97,184.52,26.452,64.516,0.031187
14851,75.5,118,41,100,-1.4846
14898,27.5,126,41,100,-1.4981
14972,509.33,188.91,24.322,59.321,-1.2565
14981,556.74,188.91,24.322,59.321,-1.2062
14988,585.19,184.16,24.322,59.321,-1.3407
14990,589.93,188.91,24.322,59.321,-0.94825
14995,599.41,188.91,24.322,59.321,-0.9977
14996,599.41,188.91,24.322,59.321,-0.88866
14999,599.41,188.91,24.322,59.321,-1.2701
15000,599.41,188.91,24.322,59.321,-0.37514
15004,599.41,188.91,24.322,59.321,-0.94024
15018,599.41,188.91,24.322,59.321,-0.95662
15022,604.15,184.16,24.322,59.321,-1.0596
15027,611.29,184.52,26.452,64.516,-1.2993
15598,600.97,174.19,26.452,64.516,-0.27773
15599,430.65,163.87,26.452,64.516,-1.4103
15600,432.92,162.35,28.991,70.709,-0.033975
15602,438.58,162.35,28.991,70.709,-1.3635
15603,438.58,162.35,28.991,70.709,-0.846
15604,440.84,153.8,34.577,84.335,-1.4876
16118,581.64,91.304,53.647,130.85,-1.2224
16119,581.64,91.304,53.647,130.85,-0.83327
16120,576.43,88.571,58.571,142.86,-0.48558
16121,576.43,88.571,58.571,142.86,-0.61972
16122,576.43,88.571,58.571,142.86,-1.4233
16123,576.43,88.571,58.571,142.86,-1.2637
16137,542.52,174.65,24.322,59.321,0.12558
16138,547.26,169.9,24.322,59.321,-0.80716
16139,552,174.65,24.322,59.321,-1.1017
16140,552,174.65,24.322,59.321,-0.69451
16141,559.68,169.03,26.452,64.516,-1.2461
16142,561.48,174.65,24.322,59.321,-1.2289
16143,566.22,174.65,24.322,59.321,0.57137
16145,575.7,179.41,24.322,59.321,-0.91471
16146,580.44,174.65,24.322,59.321,0.1369
16147,585.48,174.19,26.452,64.516,-0.55166
16148,590.65,174.19,26.452,64.516,-0.67277
16149,591.5,173.65,28.991,70.709,-0.28164
16150,600.97,174.19,26.452,64.516,0.20631
16151,606.13,174.19,26.452,64.516,-0.6136
16152,608.89,179.41,24.322,59.321,-0.72679
16153,611.29,174.19,26.452,64.516,-1.3683
16230,533.04,160.4,24.322,59.321,-1.115
16231,542.52,160.4,24.322,59.321,-0.99478
16232,559.68,158.71,26.452,64.516,-0.082793
16233,568.84,147.04,34.577,84.335,-1.0522
16414,502.9,158.71,26.452,64.516,-1.3477
16415,509.33,160.4,24.322,59.321,-1.1968
16416,518.39,153.55,26.452,64.516,-0.54405
16417,528.71,148.39,26.452,64.516,-0.66689
16418,534.87,145.41,28.991,70.709,-0.72724
16419,546.19,145.41,28.991,70.709,-1.2082
16420,556.54,140,31.538,76.923,-0.71214
16421,568.84,133.52,34.577,84.335,-1.477
16422,582.32,126.76,34.577,84.335,-0.17799
16423,599.08,123.69,37.762,92.102,-0.60633
16432,487.42,132.9,26.452,64.516,-0.91403
16433,495.22,128.47,28.991,70.709,-1.1159
16434,533.04,136.63,24.322,59.321,-0.28876
16435,539.5,118,41,100,-1.3671
16436,555.5,118,41,100,-0.33894
16437,557.52,128.47,28.991,70.709,-1.3849
16438,568.85,128.47,28.991,70.709,-0.91884
16439,571.5,118,41,100,-1.0667
16440,579.5,134,41,100,0.44963
16443,596.42,122.4,49.058,119.65,-1.3436
16461,568.85,173.65,28.991,70.709,-1.4443
16494,595.5,134,41,100,-1.2992
16515,528.3,165.15,24.322,59.321,-0.30561
16516,533.87,158.71,26.452,64.516,-0.34442
16517,540.53,156.71,28.991,70.709,0.34532
16518,546.19,162.35,28.991,70.709,0.22783
16519,557.52,162.35,28.991,70.709,-0.29639
16520,563.19,162.35,28.991,70.709,-0.81182
16521,575.58,160.56,34.577,84.335,0.010484
16522,589.05,153.8,34.577,84.335,-0.15809
16523,599.08,145.85,37.762,92.102,-0.82099
16591,552,155.64,24.322,59.321,0.62047
16592,564.84,153.55,26.452,64.516,-0.31966
16593,575.16,153.55,26.452,64.516,-1.1935
16594,590.65,153.55,26.452,64.516,-0.85787
16735,594.67,146.14,24.322,59.321,0.26193
16736,613.63,146.14,24.322,59.321,-1.0214
16740,551.86,139.76,28.991,70.709,-1.1413
16753,98.761,179.29,28.991,70.709,-1.437
16861,396.54,164.62,31.538,76.923,-0.59275
16862,378.08,164.62,31.538,76.923,1.3676
16863,353.26,153.8,34.577,84.335,-0.55754
16864,335,158.46,31.538,76.923,0.22469
16865,306.11,153.8,34.577,84.335,0.91118
16866,285.77,164.62,31.538,76.923,0.67113
16867,255,158.46,31.538,76.923,-0.441
16868,225.26,160.56,34.577,84.335,-0.028025
16869,191.58,153.8,34.577,84.335,-0.47324
16870,164.63,153.8,34.577,84.335,-0.40189
16871,242.69,158.46,31.538,76.923,-1.4448
16875,107.5,142,41,100,-0.98415
16876,75.5,142,41,100,-1.1336
16878,3.5,142,41,100,-1.2093
16933,2.6923,176.92,31.538,76.923,-1.3877
16943,38.387,179.35,26.452,64.516,-1.1075
16946,47.788,173.65,28.991,70.709,-1.058
16951,53.871,179.35,26.452,64.516,-1.2614
16958,64.779,173.65,28.991,70.709,-1.2368
16959,64.194,174.19,26.452,64.516,-1.1869
16960,64.779,173.65,28.991,70.709,-1.4729
16965,74.516,174.19,26.452,64.516,-1.0503
16966,74.516,174.19,26.452,64.516,-1.3647
16969,77.926,179.41,24.322,59.321,-1.1971
17237,211.5,142,41,100,-1.4318
17238,205.05,147.04,34.577,84.335,-1.0171
17239,198.32,147.04,34.577,84.335,-0.88547
17240,187.13,145.85,37.762,92.102,0.93844
17241,163.5,142,41,100,-1.047
17242,155.5,150,41,100,-0.59803
17243,135.63,160.62,37.762,92.102,-0.30549
17244,115.5,158,41,100,0.32772
17245,99.5,158,41,100,-0.87208
17246,83.5,158,41,100,-0.54322
17247,65.205,163.64,44.846,109.38,0.3003
17248,47.671,163.64,44.846,109.38,-0.15468
17249,35.5,166,41,100,-0.53318
17250,13.731,160.8,49.058,119.65,0.84904
17251,4.1791,160.8,49.058,119.65,-0.29112
17489,517.88,162.35,28.991,70.709,-1.3424
17490,535.16,153.8,34.577,84.335,-1.3787
17492,571.5,150,41,100,0.39025
17660,9.6842,194.37,34.577,84.335,-1.4937
17733,2.2581,189.68,26.452,64.516,-0.6833
17734,2.6923,183.08,31.538,76.923,-0.1122
17735,8.8462,176.92,31.538,76.923,-0.0031609
17736,13.805,184.94,28.991,70.709,1.2881
17737,21.154,176.92,31.538,76.923,1.9513
17738,27.308,176.92,31.538,76.923,1.5546
17739,39.615,176.92,31.538,76.923,3.0112
17740,45.769,176.92,31.538,76.923,2.1164
17741,56.842,174.08,34.577,84.335,0.80695
17742,70.442,184.94,28.991,70.709,1.028
17743,76.538,176.92,31.538,76.923,1.8036
17744,88.846,176.92,31.538,76.923,0.73149
17745,95,176.92,31.538,76.923,2.0382
17746,107.31,176.92,31.538,76.923,1.8589
17747,120.97,184.52,26.452,64.516,0.1693
17750,144.23,176.92,31.538,76.923,0.5579
17751,155.4,179.29,28.991,70.709,1.2821
17752,168.85,176.92,31.538,76.923,0.4504
17753,178.05,179.29,28.991,70.709,0.46746
17754,187.31,176.92,31.538,76.923,0.80456
17755,191.58,167.32,34.577,84.335,0.66794
17756,8.8462,176.92,31.538,76.923,0.33787
17757,21.154,176.92,31.538,76.923,0.85678
17758,27.308,176.92,31.538,76.923,0.034846
17759,36.46,179.29,28.991,70.709,0.82557
17760,245.47,167.32,34.577,84.335,0.29948
17761,51.923,176.92,31.538,76.923,0.16869
17762,64.231,176.92,31.538,76.923,1.1038
17763,280,179.29,28.991,70.709,0.2219
17764,81.77,179.29,28.991,70.709,-1.0228
17765,298.08,170.77,31.538,76.923,-0.33937
17766,306.11,167.32,34.577,84.335,-0.17081
17767,319.54,160.62,37.762,92.102,-0.73845
17768,330.97,173.65,28.991,70.709,-0.12834
17769,333.05,167.32,34.577,84.335,0.029928
17770,347.31,170.77,31.538,76.923,-1.2062
17771,359.62,176.92,31.538,76.923,-0.12352
17772,373.47,167.32,34.577,84.335,0.33849
17773,384.19,179.35,26.452,64.516,-0.62328
17774,393.27,179.29,28.991,70.709,-0.50283
17775,404.84,179.35,26.452,64.516,-0.84267
17776,408.85,170.77,31.538,76.923,-0.32528
17777,425.48,179.35,26.452,64.516,0.089609
17778,432.92,179.29,28.991,70.709,0.22728
17779,439.62,170.77,31.538,76.923,0.47745
17780,449.91,179.29,28.991,70.709,-0.57195
17781,454.32,167.32,34.577,84.335,0.44363
17782,461.05,167.32,34.577,84.335,-0.84189
17783,483.89,179.29,28.991,70.709,-0.52264
17784,488.85,170.77,31.538,76.923,-0.11686
17787,292.63,167.32,34.577,84.335,0.21444
17788,304.23,170.77,31.538,76.923,-0.68671
17789,312.84,167.32,34.577,84.335,-0.60366
17790,319.58,167.32,34.577,84.335,-0.15398
17792,339.79,167.32,34.577,84.335,-0.62031
17793,348.97,160.62,37.762,92.102,-0.47095
17794,356.32,160.62,37.762,92.102,-0.39434
17798,393.68,167.32,34.577,84.335,-1.2981
17802,433.46,170.77,31.538,76.923,-1.4084
17803,440.84,167.32,34.577,84.335,-1.0786
17804,444.6,160.62,37.762,92.102,-1.4132
17814,528.42,174.08,34.577,84.335,-0.34331
17815,538.08,176.92,31.538,76.923,0.6903
17816,541.89,174.08,34.577,84.335,-1.2164
17817,550.38,176.92,31.538,76.923,-0.92071
17818,562.69,176.92,31.538,76.923,-1.057
17821,582.32,174.08,34.577,84.335,-0.60068
17822,582.32,174.08,34.577,84.335,-0.33072
17823,589.05,174.08,34.577,84.335,-0.63073
17824,593.46,176.92,31.538,76.923,0.38684
17825,593.46,176.92,31.538,76.923,-0.072391
17826,593.46,176.92,31.538,76.923,-0.10849
17827,595.79,174.08,34.577,84.335,-0.80559
17828,593.46,176.92,31.538,76.923,-0.50599
17829,595.79,174.08,34.577,84.335,-0.7948
17835,591.72,168,37.762,92.102,-1.2212
17836,595.79,174.08,34.577,84.335,-0.54576
17837,595.79,174.08,34.577,84.335,-0.10628
17838,595.79,174.08,34.577,84.335,0.087883
17839,595.79,174.08,34.577,84.335,-0.67546
17840,595.79,174.08,34.577,84.335,-0.13294
17841,595.79,174.08,34.577,84.335,-0.40517
17842,595.79,174.08,34.577,84.335,-0.62371
17845,595.79,174.08,34.577,84.335,-0.63227
17846,599.62,176.92,31.538,76.923,-0.76638
17847,593.46,176.92,31.538,76.923,-0.75312
17848,593.46,176.92,31.538,76.923,-1.0503
17849,593.46,176.92,31.538,76.923,-0.65519
17850,593.46,176.92,31.538,76.923,-0.057392
17851,593.46,176.92,31.538,76.923,-0.66629
17852,593.46,176.92,31.538,76.923,-0.72733
17853,595.79,174.08,34.577,84.335,-0.4024
17854,593.46,176.92,31.538,76.923,-0.21627
17855,593.46,176.92,31.538,76.923,0.3763
17860,599.62,176.92,31.538,76.923,-0.89917
17861,602.83,173.65,28.991,70.709,-1.0698
17862,599.62,176.92,31.538,76.923,-1.1419
17863,599.62,176.92,31.538,76.923,-0.90193
17864,595.79,174.08,34.577,84.335,-0.92564
17865,597.17,179.29,28.991,70.709,-0.62347
17866,595.79,174.08,34.577,84.335,-0.56853
17867,595.79,174.08,34.577,84.335,-0.60604
17868,595.79,174.08,34.577,84.335,-1.0032
17869,595.79,174.08,34.577,84.335,-0.70348
17870,595.79,174.08,34.577,84.335,-0.45961
17871,595.79,174.08,34.577,84.335,-0.46054
17872,599.62,176.92,31.538,76.923,-0.7797
17873,595.79,174.08,34.577,84.335,-0.08987
17879,595.79,174.08,34.577,84.335,-0.84159
17880,595.79,174.08,34.577,84.335,-0.73265
17881,602.83,179.29,28.991,70.709,-0.7621
17882,595.79,174.08,34.577,84.335,-1.0272
17883,595.5,166,41,100,-0.90946
17884,595.79,174.08,34.577,84.335,-1.0279
17885,597.17,179.29,28.991,70.709,-1.1734
17886,595.79,174.08,34.577,84.335,-1.0759
17887,602.83,173.65,28.991,70.709,-1.2896
17888,599.62,176.92,31.538,76.923,-1.4517
17890,599.62,176.92,31.538,76.923,-0.9193
17891,599.62,176.92,31.538,76.923,-1.0501
17892,599.62,170.77,31.538,76.923,-1.1829
17893,595.79,174.08,34.577,84.335,-1.0082
17894,599.62,176.92,31.538,76.923,-1.0061
17895,599.62,176.92,31.538,76.923,-0.80397
17896,599.62,176.92,31.538,76.923,-1.0998
17897,595.79,174.08,34.577,84.335,-1.2601
17898,595.79,174.08,34.577,84.335,-1.209
17899,595.79,174.08,34.577,84.335,-1.3789
17904,602.83,173.65,28.991,70.709,-1.3192
17905,595.79,174.08,34.577,84.335,-1.3412
17906,595.79,174.08,34.577,84.335,-1.2884
17907,595.79,174.08,34.577,84.335,-0.4953
17908,597.17,179.29,28.991,70.709,-0.80149
17909,593.46,176.92,31.538,76.923,-0.8464
17910,595.79,174.08,34.577,84.335,-0.80182
17911,599.62,176.92,31.538,76.923,-1.0502
17912,595.79,174.08,34.577,84.335,-1.1525
17913,595.79,174.08,34.577,84.335,-1.1375
17914,595.79,174.08,34.577,84.335,-0.97242
17915,595.79,174.08,34.577,84.335,-1.2838
17916,599.62,176.92,31.538,76.923,-0.59986
17917,599.62,176.92,31.538,76.923,-0.65576
17918,599.62,176.92,31.538,76.923,-1.1251
17919,595.79,174.08,34.577,84.335,-0.72982
17920,595.79,174.08,34.577,84.335,-0.52426
17921,595.79,174.08,34.577,84.335,-0.70224
17922,599.08,168,37.762,92.102,-0.58554
17923,599.08,168,37.762,92.102,-0.65329
17924,599.62,176.92,31.538,76.923,-0.58534
17925,599.62,176.92,31.538,76.923,-0.57104
17926,599.62,176.92,31.538,76.923,-0.92242
17927,599.62,176.92,31.538,76.923,-0.61434
17928,599.62,176.92,31.538,76.923,-0.28168
17929,599.62,176.92,31.538,76.923,-0.79863
17930,599.62,176.92,31.538,76.923,-0.7097
17931,599.62,176.92,31.538,76.923,-0.71253
17932,599.62,176.92,31.538,76.923,-0.52585
17933,599.62,176.92,31.538,76.923,-0.72626
17934,599.62,176.92,31.538,76.923,-0.43844
17935,599.08,168,37.762,92.102,-0.77539
17936,595.79,174.08,34.577,84.335,-0.95786
17937,595.79,174.08,34.577,84.335,-1.0949
17938,595.79,174.08,34.577,84.335,-1.132
17939,595.79,174.08,34.577,84.335,-1.1707
17940,599.08,168,37.762,92.102,-0.70197
17941,595.79,174.08,34.577,84.335,-0.33815
17942,595.79,174.08,34.577,84.335,0.26094
17943,595.79,174.08,34.577,84.335,0.3819
17944,599.08,168,37.762,92.102,-0.25282
17945,595.79,174.08,34.577,84.335,0.036582
17946,599.08,168,37.762,92.102,0.033999
17947,595.79,174.08,34.577,84.335,0.070705
17948,595.79,174.08,34.577,84.335,0.13039
17949,595.79,174.08,34.577,84.335,-0.29322
17950,595.79,174.08,34.577,84.335,-0.33208
17951,595.79,174.08,34.577,84.335,-0.03722
17952,595.79,174.08,34.577,84.335,-0.24631
17953,595.79,174.08,34.577,84.335,-0.3194
17954,599.08,168,37.762,92.102,-1.182
17959,602.53,174.08,34.577,84.335,-0.86882
17960,599.08,168,37.762,92.102,-0.22532
17961,602.53,174.08,34.577,84.335,-0.40734
17962,602.53,174.08,34.577,84.335,-0.63555
17963,602.53,174.08,34.577,84.335,0.0067929
17964,605.77,176.92,31.538,76.923,-1.0187
17965,609.26,167.32,34.577,84.335,-0.47862
17966,602.53,174.08,34.577,84.335,-0.99451
17967,609.26,174.08,34.577,84.335,-1.36
17968,606.44,168,37.762,92.102,-0.77685
17969,602.53,174.08,34.577,84.335,-0.7709
18261,473.08,193.85,63.077,153.85,-1.2992
18264,473.57,202.86,58.571,142.86,-1.4417
18266,17.692,193.85,63.077,153.85,-1.134
18278,123.5,206,41,100,-0.97413
18279,131.5,206,41,100,-1.1905
18283,422.53,204.92,37.762,92.102,-0.94345
18285,157.89,201.13,34.577,84.335,-1.2896
18286,434.11,207.89,34.577,84.335,-1.2867
18288,163.5,198,41,100,-1.2994
18292,179.5,190,41,100,-1.207
18293,187.13,197.54,37.762,92.102,-1.4995
18301,272.42,201.13,34.577,84.335,-1.4224
18311,477.1,189.68,26.452,64.516,-1.4278
18773,579.5,158,41,100,-1.2895
18774,338.67,179.41,24.322,59.321,-0.68953
18775,337.74,174.19,26.452,64.516,-0.48287
18776,337.74,174.19,26.452,64.516,-0.46768
18777,337.74,174.19,26.452,64.516,0.36893
18778,336.64,173.65,28.991,70.709,-0.59267
18779,336.64,173.65,28.991,70.709,-0.78021
18791,341.61,160.62,37.762,92.102,-1.1584
18792,385.75,153.23,37.762,92.102,-1.122
18793,341.61,153.23,37.762,92.102,-1.4683
18794,339.79,160.56,34.577,84.335,-0.95438
18795,330.97,173.65,28.991,70.709,-0.95997
18796,319.58,167.32,34.577,84.335,-0.12689
18797,297.47,160.62,37.762,92.102,0.15948
18798,275.5,158,41,100,-0.97491
18799,243.5,158,41,100,-0.81495
18800,203.5,158,41,100,0.12912
18801,223.01,154.91,44.846,109.38,-0.29117
18802,109.25,151.2,49.058,119.65,-0.54243
18803,56.438,163.64,44.846,109.38,-1.1813
19328,528.3,150.89,24.322,59.321,-1.405
19333,518.81,146.14,24.322,59.321,0.089928
19337,502.9,148.39,26.452,64.516,0.40405
19339,490.37,150.89,24.322,59.321,-1.1833
19342,576.43,145.71,58.571,142.86,-0.84709
19343,560.66,153.91,53.647,130.85,0.23968
19344,548.66,170.4,49.058,119.65,-0.84923
19345,522.31,144.62,63.077,153.85,0.094504
19346,512.5,130,68.333,166.67,-0.021475
19363,190,144.62,63.077,153.85,-1.3803
19364,176.43,145.71,58.571,142.86,-0.090015
19365,165,145.71,58.571,142.86,0.24398
19366,142.14,157.14,58.571,142.86,-0.1991
19367,116.15,144.62,63.077,153.85,-0.46624
19368,107.86,145.71,58.571,142.86,0.87566
19369,96.429,157.14,58.571,142.86,0.88115
19370,78.033,164.35,53.647,130.85,0.65
19371,50.714,157.14,58.571,142.86,1.1129
19372,39.286,157.14,58.571,142.86,1.9601
19373,25.574,164.35,53.647,130.85,0.3707
19374,5,157.14,58.571,142.86,-0.32406
19375,-6.4286,157.14,58.571,142.86,-0.48359
20227,570.96,169.9,24.322,59.321,-1.049
20331,415.16,184.52,26.452,64.516,-1.4853
20332,415.93,184.94,28.991,70.709,-1.1089
20335,427.26,184.94,28.991,70.709,-1.3295
20341,451.95,175.38,37.762,92.102,-0.87144
20343,467.5,166,41,100,-0.65547
20344,475.5,166,41,100,-0.20037
20345,483.5,166,41,100,0.53728
20346,499.5,166,41,100,0.35984
20347,503.56,163.64,44.846,109.38,-0.3815
20348,512.33,163.64,44.846,109.38,-1.1121
20349,529.55,151.2,49.058,119.65,-0.8699
20350,539.67,153.91,53.647,130.85,-0.51678
20351,560.66,143.48,53.647,130.85,-0.3806
20352,581.64,143.48,53.647,130.85,-0.96917
20443,458.08,170.77,31.538,76.923,-0.49389
20444,458.08,170.77,31.538,76.923,-0.37537
20445,451.29,179.35,26.452,64.516,-1.0168
20453,433.48,184.16,24.322,59.321,-0.71958
20454,428.74,184.16,24.322,59.321,-1.0989
20455,405.04,184.16,24.322,59.321,-0.24207
20459,409.78,188.91,24.322,59.321,-0.38845
20460,409.78,188.91,24.322,59.321,-0.1861
20461,405.04,188.91,24.322,59.321,-0.69533
20463,394.52,184.52,26.452,64.516,-0.13705
20469,363.55,184.52,26.452,64.516,-0.93527
20470,362.37,184.16,24.322,59.321,0.042745
20471,363.55,184.52,26.452,64.516,-0.41805
20474,358.39,184.52,26.452,64.516,-0.95127
20476,358.39,184.52,26.452,64.516,-1.0063
20477,363.55,184.52,26.452,64.516,-0.50828
20478,358.39,184.52,26.452,64.516,-0.67515
20480,357.63,184.16,24.322,59.321,-0.83817
20482,353.23,184.52,26.452,64.516,-1.2732
20754,28.065,179.35,26.452,64.516,-1.3259
20755,16.296,179.41,24.322,59.321,-1.0702
20806,235.5,150,41,100,-1.493
20812,245.47,167.32,34.577,84.335,-1.435
20813,245.47,167.32,34.577,84.335,-1.2973
20816,235.5,158,41,100,-1.2559
20817,235.5,158,41,100,-1.3507
20819,245.47,167.32,34.577,84.335,-1.4685
20883,240.55,154.91,44.846,109.38,-1.3998
20888,245.98,168,37.762,92.102,-1.474
21748,483.5,198,41,100,-1.4874
22234,586.87,160.8,49.058,119.65,-1.4718
22422,357.63,179.41,24.322,59.321,-0.25851
22423,358.39,174.19,26.452,64.516,0.36392
22424,363.55,174.19,26.452,64.516,-0.7111
22425,368.71,179.35,26.452,64.516,-0.85241
22426,376.28,173.65,28.991,70.709,-0.015163
22427,390.38,176.92,31.538,76.923,0.60704
22428,395.5,166,41,100,0.35975
22429,407.12,163.64,44.846,109.38,-0.45137
22430,424.48,160.8,49.058,119.65,0.033352
22431,427.86,157.14,58.571,142.86,-0.20041
22432,460.77,156.92,63.077,153.85,-0.017879
22433,503,140,82,200,0.85498
22826,447.7,169.9,24.322,59.321,-0.92531
22827,447.7,169.9,24.322,59.321,-0.64163
22828,446.13,163.87,26.452,64.516,-1.0134
22829,451.92,158.46,31.538,76.923,-0.2776
22830,461.05,153.8,34.577,84.335,-0.16783
22831,466.67,145.85,37.762,92.102,-0.72222
22832,476.54,158.46,31.538,76.923,-0.10347
22833,491.5,142,41,100,-0.64296
22834,499.5,142,41,100,0.030118
22835,515.5,142,41,100,-0.98614
22836,342.9,169.03,26.452,64.516,-0.10639
22837,347.96,168,28.991,70.709,0.39221
22838,353.63,162.35,28.991,70.709,-0.46921
22839,359.62,164.62,31.538,76.923,0.40139
22841,363.68,153.23,37.762,92.102,-1.0148
22842,371.5,150,41,100,-0.4156
22843,434.11,160.56,34.577,84.335,0.12715
22844,435.5,158,41,100,-0.65622
22845,450.96,146.18,44.846,109.38,-0.64105
22846,459.73,154.91,44.846,109.38,-1.134
22847,466.23,143.48,53.647,130.85,-0.91068
22848,485,134.29,58.571,142.86,-0.68824
22849,496.43,145.71,58.571,142.86,-0.050592
22850,512.5,130,68.333,166.67,-1.2348
22851,530,127.27,74.545,181.82,0.011193
22852,567,124,82,200,-1.0746
22985,404.6,173.65,28.991,70.709,-1.1606
22986,421.59,173.65,28.991,70.709,-1.1566
22988,467.79,167.32,34.577,84.335,-1.1364
22989,500.88,173.65,28.991,70.709,-1.2557
22991,532.87,160.62,37.762,92.102,-0.81497
22992,455.58,173.65,28.991,70.709,-0.23259
22993,576.43,111.43,58.571,142.86,-1.1105
22994,595.5,158,41,100,-0.84235
22995,508.21,167.32,34.577,84.335,0.18356
22996,529.2,168,28.991,70.709,-0.96055
22997,547.59,160.62,37.762,92.102,-1.0078
22998,131.5,158,41,100,-0.30101
22999,579.5,158,41,100,0.44195
23000,595.5,166,41,100,-0.30363
23131,101.15,195.38,31.538,76.923,-0.88674
23132,88.846,201.54,31.538,76.923,-0.065241
23134,42.388,170.4,49.058,119.65,0.14332
23135,19.5,190,41,100,-0.037539
23254,509.33,179.41,24.322,59.321,0.16918
23256,537.78,184.16,24.322,59.321,-0.16715
23257,554.52,179.35,26.452,64.516,-1.194
23258,575,176.92,31.538,76.923,-0.39276
23259,597.17,173.65,28.991,70.709,0.22129
23262,528.71,169.03,26.452,64.516,-0.55061
23263,544.19,169.03,26.452,64.516,-0.98713
23264,556.54,164.62,31.538,76.923,-1.0719
23266,595.79,160.56,34.577,84.335,-0.98729
23313,358.39,169.03,26.452,64.516,-0.32041
23314,353.23,169.03,26.452,64.516,-0.33658
23315,348.15,174.65,24.322,59.321,-0.39627
23316,347.31,164.62,31.538,76.923,-0.8343
23317,336.64,168,28.991,70.709,-0.41642
23318,332.58,174.19,26.452,64.516,0.22756
23319,327.42,174.19,26.452,64.516,-0.51173
23320,313.98,168,28.991,70.709,-0.28497
23321,298.08,170.77,31.538,76.923,-0.45119
23323,363.55,174.19,26.452,64.516,-0.38057
23324,248.85,176.92,31.538,76.923,0.092828
23325,230.38,176.92,31.538,76.923,0.040334
23326,367.11,179.41,24.322,59.321,-0.18344
23327,172.39,179.29,28.991,70.709,1.1599
23328,138.41,179.29,28.991,70.709,0.62488
23329,98.761,184.94,28.991,70.709,0.17579
23330,45.769,183.08,31.538,76.923,0.034628
23331,76.106,190.59,28.991,70.709,0.2855
23332,15,189.23,31.538,76.923,-0.4621
23359,564.84,179.35,26.452,64.516,-0.87476
23360,533.04,184.16,24.322,59.321,-1.2133
23363,585.48,179.35,26.452,64.516,-0.81893
23364,606.13,174.19,26.452,64.516,-1.1203
23370,512.21,168,28.991,70.709,-1.0593
23371,538.08,164.62,31.538,76.923,-0.26769
23372,571.5,150,41,100,0.5809
23501,11.667,126.67,136.67,333.33,-1.3818
23503,88,120,130.47,318.22,0.10268
23504,91.667,126.67,136.67,333.33,-0.25398
23505,139.2,145.26,130.47,318.22,-0.33423
23506,171.67,126.67,136.67,333.33,-0.22575
23507,78,88,164,400,-0.94487
23508,238,88,164,400,-0.29046
23509,165.71,112.5,155.16,378.43,-0.090221
23510,318.1,112.5,155.16,378.43,0.31018
23511,366,88,164,400,-0.029597
23512,409.52,112.5,155.16,378.43,0.5406
23513,470.48,112.5,155.16,378.43,0.22585
23514,379.05,112.5,155.16,378.43,-0.55592
23515,409.52,112.5,155.16,378.43,0.010679
23516,440,112.5,155.16,378.43,1.4325
23517,470.48,112.5,155.16,378.43,1.0637
23518,500.95,112.5,155.16,378.43,-0.55733
23551,389.35,179.35,26.452,64.516,-1.1052
23564,476.15,184.16,24.322,59.321,0.02831
23565,482.26,184.52,26.452,64.516,0.09904
23566,482.26,184.52,26.452,64.516,1.6183
23567,485.63,188.91,24.322,59.321,1.7689
23568,487.42,184.52,26.452,64.516,0.86031
23569,492.58,184.52,26.452,64.516,0.86608
23570,495.11,188.91,24.322,59.321,-0.49486
23571,497.74,184.52,26.452,64.516,1.7886
23572,502.9,184.52,26.452,64.516,0.80824
23573,506.55,179.29,28.991,70.709,0.52046
23574,513.46,176.92,31.538,76.923,0.78172
23575,519.62,176.92,31.538,76.923,0.71384
23576,525.77,176.92,31.538,76.923,-0.39536
23577,535.16,174.08,34.577,84.335,0.78304
23578,548.63,174.08,34.577,84.335,0.30479
23579,563.19,179.29,28.991,70.709,0.47707
23580,575,183.08,31.538,76.923,0.32683
23581,587.31,183.08,31.538,76.923,-0.30562
23582,599.08,175.38,37.762,92.102,0.78079
23639,215.41,179.41,24.322,59.321,-1.3255
23644,230.38,170.77,31.538,76.923,-1.3459
23645,224.23,170.77,31.538,76.923,-1.4828
23646,229.63,184.16,24.322,59.321,-1.4263
23647,224.19,179.35,26.452,64.516,-1.1524
23648,213.87,179.35,26.452,64.516,-1.1047
23651,144.42,167.32,34.577,84.335,-0.46712
23652,115.75,184.94,28.991,70.709,-0.88891
23653,77.053,174.08,34.577,84.335,-1.1401
23654,42.124,184.94,28.991,70.709,-0.85073
23657,567.76,132,49.058,119.65,-0.87108
23658,519.29,122.86,58.571,142.86,-0.94374
23659,473.57,122.86,58.571,142.86,-1.3166
23662,312.5,116.67,68.333,166.67,-1.2614
23666,39,124,82,200,-1.1404
23696,267.56,184.16,24.322,59.321,-1.314
23697,255.16,179.35,26.452,64.516,-1.1207
23698,244.84,184.52,26.452,64.516,-1.0706
23699,229.35,184.52,26.452,64.516,-1.2539
23701,200.71,184.94,28.991,70.709,-0.97033
23702,183.72,184.94,28.991,70.709,-0.48463
23703,163.5,166,41,100,-1.0154
23704,156.54,183.08,31.538,76.923,1.2269
23705,135.63,175.38,37.762,92.102,-0.39281
23706,119.62,189.23,31.538,76.923,-1.2173
23707,104,187.61,34.577,84.335,-0.69798
23708,83.789,187.61,34.577,84.335,-0.11019
23710,35.5,182,41,100,-1.3655
23711,3.5,182,41,100,-1.2562
23737,514.07,193.66,24.322,59.321,-1.2024
23738,523.56,193.66,24.322,59.321,0.068929
23739,537.78,193.66,24.322,59.321,0.10699
23740,544.19,189.68,26.452,64.516,-1.2528
23741,574.51,184.94,28.991,70.709,-1.159
23743,348.15,184.16,24.322,59.321,-1.3865
23744,352.89,184.16,24.322,59.321,-0.4834
23745,352.89,184.16,24.322,59.321,-0.63246
23746,362.37,184.16,24.322,59.321,-0.69163
23749,384.19,179.35,26.452,64.516,-0.47088
23750,393.27,179.29,28.991,70.709,-0.13578
23751,400.42,174.08,34.577,84.335,-0.67653
23772,613.63,179.41,24.322,59.321,-1.399
23773,611.29,179.35,26.452,64.516,-1.3919
23774,611.92,176.92,31.538,76.923,-1.388
23795,106.37,169.9,24.322,59.321,-1.41
23816,576.43,88.571,58.571,142.86,-1.2859
23835,184.84,153.8,34.577,84.335,-1.4299
23842,91.494,153.23,37.762,92.102,-1.3348
23843,226.92,95.385,63.077,153.85,-1.3183
23849,190,95.385,63.077,153.85,-1.2259
23855,551.52,129.6,98.974,241.4,-0.94862
23856,532.12,129.6,98.974,241.4,1.6047
23857,473.94,129.6,98.974,241.4,1.2266
23858,435.15,129.6,98.974,241.4,0.98161
23859,376.97,129.6,98.974,241.4,0.28788
23860,307.14,108.57,117.14,285.71,0.40546
23861,241.21,129.6,98.974,241.4,1.8986
23862,163.64,129.6,98.974,241.4,0.55597
23863,78.571,108.57,117.14,285.71,0.56896
23864,124.85,129.6,98.974,241.4,0.019146
23865,24.865,150,88.314,215.4,-0.63717
23930,449.91,173.65,28.991,70.709,-0.82639
23931,455.58,173.65,28.991,70.709,0.51627
23932,455.58,173.65,28.991,70.709,-1.0511
23933,455.58,173.65,28.991,70.709,0.34449
23934,455.58,173.65,28.991,70.709,-0.20244
23935,455.58,173.65,28.991,70.709,-0.45002
23936,455.58,173.65,28.991,70.709,-0.073486
23950,442.96,184.16,24.322,59.321,-1.1503
23951,442.96,184.16,24.322,59.321,-0.3806
23952,466.9,173.65,28.991,70.709,-0.7379
23953,466.9,173.65,28.991,70.709,-1.4145
23958,467.79,167.32,34.577,84.335,-1.401
23961,467.79,167.32,34.577,84.335,-1.1932
23963,438.22,188.91,24.322,59.321,-1.1088
23964,466.67,160.62,37.762,92.102,-1.3615
23965,433.48,188.91,24.322,59.321,-0.3978
23966,459.31,168,37.762,92.102,-0.70323
23967,425.48,189.68,26.452,64.516,-0.56361
23968,421.59,184.94,28.991,70.709,-0.60234
23969,421.59,184.94,28.991,70.709,-0.92582
23970,415,183.08,31.538,76.923,-0.24834
23971,415,183.08,31.538,76.923,-0.66193
23972,410.27,190.59,28.991,70.709,-0.20171
23973,410,194.84,26.452,64.516,0.72028
23974,451.95,175.38,37.762,92.102,-0.45812
23975,451.95,175.38,37.762,92.102,-0.28323
23976,451.95,175.38,37.762,92.102,-0.037289
23977,404.6,190.59,28.991,70.709,-0.23057
23978,398.94,196.24,28.991,70.709,-1.1099
23979,400.42,187.61,34.577,84.335,-0.03644
23980,400.42,187.61,34.577,84.335,0.36383
23981,400.42,187.61,34.577,84.335,0.53149
23982,451.5,174,41,100,-0.83934
23983,459.5,174,41,100,0.61563
23984,459.5,174,41,100,0.52587
23985,459.5,174,41,100,1.2601
23986,459.5,174,41,100,0.74542
23987,467.5,174,41,100,1.0193
23988,467.5,174,41,100,0.16948
23989,475.5,174,41,100,0.65157
23990,395.5,182,41,100,0.24464
23991,395.5,182,41,100,0.42164
23992,395.5,182,41,100,0.68631
23993,395.5,182,41,100,0.56924
23994,393.1,190.15,37.762,92.102,-0.81288
23995,512.33,172.36,44.846,109.38,0.93017
23996,395.5,182,41,100,1.4276
23997,518.69,164.35,53.647,130.85,1.089
23998,529.55,170.4,49.058,119.65,0.54028
23999,529.18,164.35,53.647,130.85,0.71928
24000,398.36,181.09,44.846,109.38,0.69593
24001,395.82,170.4,49.058,119.65,1.8899
24002,558.21,170.4,49.058,119.65,1.0087
24003,398.36,181.09,44.846,109.38,1.4739
24004,560.66,164.35,53.647,130.85,1.0077
24005,405.37,170.4,49.058,119.65,1.1704
24006,405.37,170.4,49.058,119.65,2.1784
24007,405.37,180,49.058,119.65,1.7537
24008,407.12,181.09,44.846,109.38,1.1523
24009,415.89,181.09,44.846,109.38,1.5291
24010,414.93,180,49.058,119.65,1.5071
24011,414.93,180,49.058,119.65,1.0105
24012,424.48,180,49.058,119.65,0.91045
24013,424.26,174.78,53.647,130.85,0.89327
24014,424.26,174.78,53.647,130.85,1.1168
24015,424.26,174.78,53.647,130.85,0.44524
24016,424.26,174.78,53.647,130.85,0.47692
24017,427.86,168.57,58.571,142.86,0.76775
24018,434.03,189.6,49.058,119.65,0.4893
24019,551,140,82,200,1.2411
24020,439.29,168.57,58.571,142.86,0.72784
24021,544.55,141.82,74.545,181.82,0.74905
24022,544.55,141.82,74.545,181.82,1.5111
24023,448.46,169.23,63.077,153.85,0.22009
24024,450.71,180,58.571,142.86,0.849
24025,462.14,180,58.571,142.86,0.83645
24026,457.27,156.36,74.545,181.82,-0.35419
24027,472.5,170,68.333,166.67,0.94997
24028,576.43,180,58.571,142.86,0.43295
24029,565,168.57,58.571,142.86,1.7675
24030,487,156,82,200,-0.075639
24031,553.57,168.57,58.571,142.86,0.58841
24032,519,156,82,200,0.35956
24033,519,156,82,200,1.4527
24034,535,156,82,200,1.5501
24035,543.78,150,88.314,215.4,0.68184
24036,507.86,168.57,58.571,142.86,0.74363
24037,507.86,168.57,58.571,142.86,1.4475
24038,497.7,174.78,53.647,130.85,2.6738
24039,497.7,164.35,53.647,130.85,0.85167
24040,487.21,174.78,53.647,130.85,1.398
24041,544.55,141.82,74.545,181.82,1.0057
24042,539.17,143.33,68.333,166.67,0.97851
24043,466.23,174.78,53.647,130.85,0.85815
24044,455.74,174.78,53.647,130.85,0.58198
24045,445.25,174.78,53.647,130.85,0.56964
24046,519.29,180,58.571,142.86,0.41638
24047,434.75,174.78,53.647,130.85,0.76301
24048,434.03,180,49.058,119.65,1.7878
24049,424.48,180,49.058,119.65,1.1704
24050,413.77,174.78,53.647,130.85,0.41322
24051,405.37,180,49.058,119.65,1.6293
24052,473.57,157.14,58.571,142.86,0.38101
24053,462.14,157.14,58.571,142.86,1.2619
24054,450.71,157.14,58.571,142.86,1.4563
24055,371.8,174.78,53.647,130.85,1.4601
24056,350.82,174.78,53.647,130.85,1.4198
24057,329.84,174.78,53.647,130.85,1.7528
24058,195.5,198,41,100,0.49509
24059,382.3,174.78,53.647,130.85,0.87187
24060,203.93,174.78,53.647,130.85,1.8261
24061,140.98,174.78,53.647,130.85,2.0795
24062,67.541,174.78,53.647,130.85,1.2256
24063,165.38,156.92,63.077,153.85,-0.18077
24079,544.19,189.68,26.452,64.516,-1.2846
24081,551.86,184.94,28.991,70.709,-0.97069
24082,554.94,175.38,37.762,92.102,-0.92514
24083,563.5,174,41,100,-0.77654
24084,584.37,175.38,37.762,92.102,-0.5924
24085,603.5,174,41,100,-1.0686
24120,44.741,193.66,24.322,59.321,0.31948
24121,30.519,193.66,24.322,59.321,0.72397
24122,17.742,194.84,26.452,64.516,-0.70113
24123,7.4194,194.84,26.452,64.516,-1.2152
24125,531.92,176.92,31.538,76.923,-0.88672
24126,550.38,183.08,31.538,76.923,-1.2345
24127,562.69,183.08,31.538,76.923,-1.4269
24132,149.73,173.65,28.991,70.709,-0.40813
24133,153.78,179.41,24.322,59.321,0.12385
24134,157.1,174.19,26.452,64.516,-0.62098
24135,156.54,164.62,31.538,76.923,-0.22259
24136,162.69,164.62,31.538,76.923,0.32813
24137,168.85,164.62,31.538,76.923,-0.26726
24138,175,164.62,31.538,76.923,0.83019
24139,181.15,164.62,31.538,76.923,1.2236
24140,184.84,160.56,34.577,84.335,0.48208
24141,191.58,160.56,34.577,84.335,-1.1138
24142,194.48,160.62,37.762,92.102,1.1281
24143,205.05,167.32,34.577,84.335,-0.23115
24144,211.5,158,41,100,-0.22856
24145,225.26,167.32,34.577,84.335,0.98042
24146,231.26,160.62,37.762,92.102,0.19631
24147,245.98,160.62,37.762,92.102,-0.95496
24148,251.5,158,41,100,0.5739
24149,259.5,158,41,100,-0.30132
24150,266.85,154.91,44.846,109.38,0.74041
24151,508.06,163.87,26.452,64.516,0.039242
24152,291.5,158,41,100,0.30305
24153,301.92,154.91,44.846,109.38,-0.13276
24154,310.68,154.91,44.846,109.38,0.44071
24155,328.22,154.91,44.846,109.38,0.36574
24156,338.51,151.2,49.058,119.65,0.44743
24157,345.75,154.91,44.846,109.38,0.35906
24158,363.5,166,41,100,-0.039955
24159,513.23,163.87,26.452,64.516,-0.88692
24160,380.82,163.64,44.846,109.38,0.025588
24161,389.59,163.64,44.846,109.38,-0.86929
24162,395.82,151.2,49.058,119.65,0.32456
24163,407.12,163.64,44.846,109.38,-0.56939
24164,415.89,163.64,44.846,109.38,-0.16513
24165,424.66,163.64,44.846,109.38,-0.68126
24166,442.19,163.64,44.846,109.38,0.39652
24167,443.58,160.8,49.058,119.65,-0.97865
24168,517.88,168,28.991,70.709,-0.39964
24169,468.49,172.36,44.846,109.38,-0.86462
24170,481.79,160.8,49.058,119.65,-0.79685
24171,528.71,174.19,26.452,64.516,-0.41149
24172,510.45,170.4,49.058,119.65,0.29895
24173,520,170.4,49.058,119.65,0.15913
24174,529.18,164.35,53.647,130.85,0.68546
24175,539.67,164.35,53.647,130.85,-0.58269
24176,560.66,164.35,53.647,130.85,-0.39128
24177,586.87,170.4,49.058,119.65,-0.81197
24250,193.46,170.77,31.538,76.923,-1.3036
24258,208.71,189.68,26.452,64.516,-0.54839
24260,218.53,174.08,34.577,84.335,-1.2384
24261,218.08,183.08,31.538,76.923,-0.21961
24262,211.92,183.08,31.538,76.923,-0.52916
24263,213.87,189.68,26.452,64.516,-0.9515
24265,200.71,184.94,28.991,70.709,-0.75956
24266,193.23,189.68,26.452,64.516,-1.4707
