55,63.579,174.08,34.577,84.335,-0.68069
56,54.713,175.38,37.762,92.102,-0.10256
57,43.5,174,41,100,-0.26801
58,35.5,174,41,100,-0.24169
59,19.5,174,41,100,0.4724
60,3.5,182,41,100,0.29627
369,608.89,179.41,24.322,59.321,1.0143
370,608.5,173.65,28.991,70.709,1.2
371,608.5,173.65,28.991,70.709,0.67798
372,608.5,173.65,28.991,70.709,0.72932
373,608.5,173.65,28.991,70.709,0.7526
374,608.89,179.41,24.322,59.321,0.28724
375,608.5,173.65,28.991,70.709,0.2059
376,611.29,179.35,26.452,64.516,0.75303
377,608.5,173.65,28.991,70.709,0.032595
378,608.5,173.65,28.991,70.709,0.1232
379,608.5,173.65,28.991,70.709,0.3737
380,608.5,173.65,28.991,70.709,0.69769
381,608.5,173.65,28.991,70.709,0.18063
382,608.5,173.65,28.991,70.709,0.73695
383,608.5,173.65,28.991,70.709,0.48918
384,608.5,173.65,28.991,70.709,0.45746
385,608.5,173.65,28.991,70.709,0.30747
386,608.5,173.65,28.991,70.709,0.46085
387,611.29,179.35,26.452,64.516,0.38345
388,611.29,179.35,26.452,64.516,0.72485
389,611.29,179.35,26.452,64.516,0.41181
390,608.5,173.65,28.991,70.709,0.55295
391,608.5,173.65,28.991,70.709,0.33342
392,611.29,179.35,26.452,64.516,0.74329
393,611.29,179.35,26.452,64.516,0.59972
394,611.29,179.35,26.452,64.516,0.80345
395,611.29,179.35,26.452,64.516,0.62316
396,611.29,179.35,26.452,64.516,0.45033
397,611.29,179.35,26.452,64.516,0.031344
398,613.63,184.16,24.322,59.321,0.30082
399,613.63,188.91,24.322,59.321,0.66591
400,611.29,189.68,26.452,64.516,0.64782
401,613.63,193.66,24.322,59.321,0.5764
402,613.63,198.42,24.322,59.321,-0.43339
419,552,198.42,24.322,59.321,0.52151
425,585.48,189.68,26.452,64.516,-0.16967
426,594.67,188.91,24.322,59.321,-0.17586
428,611.29,184.52,26.452,64.516,-0.19631
529,427.26,168,28.991,70.709,-0.54082
531,440.84,160.56,34.577,84.335,-0.37674
532,454.32,167.32,34.577,84.335,-0.23028
533,459.5,158,41,100,0.1235
534,467.5,158,41,100,-0.085123
535,475.5,158,41,100,0.23217
536,483.5,158,41,100,-0.091167
537,499.5,158,41,100,0.12077
538,510.45,160.8,49.058,119.65,0.19791
539,520,160.8,49.058,119.65,-0.49177
540,530.71,157.14,58.571,142.86,-0.45986
541,553.57,157.14,58.571,142.86,-0.023571
542,565.83,143.33,68.333,166.67,0.37259
579,614.16,179.29,28.991,70.709,-0.57122
601,523.55,189.68,26.452,64.516,-0.63265
603,559.68,194.84,26.452,64.516,-0.63989
605,602.53,187.61,34.577,84.335,-0.34268
744,550.38,176.92,31.538,76.923,-0.64986
747,502.9,179.35,26.452,64.516,-0.28918
748,508.06,179.35,26.452,64.516,-0.31906
751,600.97,179.35,26.452,64.516,-0.068275
752,537.78,179.41,24.322,59.321,-0.52797
754,562.69,176.92,31.538,76.923,-0.20447
756,587.5,166,41,100,-0.49696
760,600.97,174.19,26.452,64.516,0.4567
761,611.29,174.19,26.452,64.516,1.0302
762,552,169.9,24.322,59.321,-0.6474
764,556.54,158.46,31.538,76.923,0.34905
765,575,164.62,31.538,76.923,-0.10797
766,587.5,150,41,100,0.18008
767,595.5,150,41,100,0.0040972
768,579.5,150,41,100,-0.68599
769,595.5,150,41,100,-0.2527
780,587.31,176.92,31.538,76.923,-0.53694
874,568.85,173.65,28.991,70.709,-0.64317
890,447.58,153.8,34.577,84.335,-0.70605
891,454.32,153.8,34.577,84.335,-0.27181
892,504.59,179.41,24.322,59.321,0.32015
893,514.07,179.41,24.322,59.321,0.87429
894,518.81,179.41,24.322,59.321,0.91568
895,523.55,174.19,26.452,64.516,0.62917
896,533.87,174.19,26.452,64.516,0.50321
897,591.5,162.35,28.991,70.709,0.23344
898,550.38,170.77,31.538,76.923,0.50107
899,562.69,164.62,31.538,76.923,1.2811
900,574.51,168,28.991,70.709,0.88751
901,587.31,164.62,31.538,76.923,1.2558
902,595.79,160.56,34.577,84.335,0.82439
903,562.11,167.32,34.577,84.335,-0.11633
904,551.86,156.71,28.991,70.709,-0.46688
905,576.43,122.86,58.571,142.86,-0.51296
907,587.5,150,41,100,-0.4768
908,606.44,153.23,37.762,92.102,-0.59777
955,575.16,174.19,26.452,64.516,0.89671
956,581.15,176.92,31.538,76.923,-0.41432
957,591.5,173.65,28.991,70.709,0.38167
958,602.53,167.32,34.577,84.335,-0.71182
1023,518.69,174.78,53.647,130.85,-0.41301
1024,510.45,189.6,49.058,119.65,-0.70856
1040,503,124,82,200,-0.54177
1088,513.23,174.19,26.452,64.516,0.11551
1089,518.39,174.19,26.452,64.516,-0.53753
1090,523.55,174.19,26.452,64.516,-0.16783
1091,533.87,174.19,26.452,64.516,0.7709
1808,605.77,127.69,31.538,76.923,-0.65685
2121,433.48,179.41,24.322,59.321,-0.13684
2123,446.13,179.35,26.452,64.516,0.52244
2124,457.19,184.16,24.322,59.321,-0.29529
2125,461.61,179.35,26.452,64.516,-0.72618
2126,472.57,173.65,28.991,70.709,-0.68671
2127,489.56,179.29,28.991,70.709,0.14849
2128,501.15,176.92,31.538,76.923,0.30642
2129,521.68,174.08,34.577,84.335,0.7197
2130,539.5,166,41,100,1.1887
2131,563.5,174,41,100,1.9731
2132,591.23,172.36,44.846,109.38,1.168
2245,533.04,174.65,24.322,59.321,-0.50675
2246,537.78,179.41,24.322,59.321,-0.71427
2247,544.19,179.35,26.452,64.516,-0.52816
2248,549.35,179.35,26.452,64.516,-0.39965
2249,554.52,184.52,26.452,64.516,-0.44058
2250,559.68,189.68,26.452,64.516,0.022764
2251,563.19,184.94,28.991,70.709,-0.25977
2252,574.51,190.59,28.991,70.709,-0.36564
2253,582.32,180.85,34.577,84.335,-0.26219
2254,589.05,187.61,34.577,84.335,-0.48491
2255,602.53,187.61,34.577,84.335,-0.057307
3019,467.5,158,41,100,-0.57672
3022,557.52,179.29,28.991,70.709,-0.68081
3024,574.51,184.94,28.991,70.709,-0.60966
3025,582.32,174.08,34.577,84.335,-0.51084
3026,591.5,179.29,28.991,70.709,-0.63756
3033,515.5,158,41,100,-0.59591
3094,570,169.03,26.452,64.516,-0.60351
3095,580.32,174.19,26.452,64.516,0.096073
3346,611.29,205.16,26.452,64.516,-0.7098
4085,599.62,170.77,31.538,76.923,-0.38856
4471,393.27,179.29,28.991,70.709,-0.49953
4484,532.12,129.6,98.974,241.4,-0.2921
4511,528.71,174.19,26.452,64.516,-0.39052
4529,585.48,174.19,26.452,64.516,-0.52437
5105,371.92,170.77,31.538,76.923,-0.2438
5106,355.5,150,41,100,0.35946
5107,339.5,150,41,100,0.13542
5108,334.25,160.62,37.762,92.102,-0.0087639
5109,326.9,160.62,37.762,92.102,0.029418
5110,312.18,160.62,37.762,92.102,-0.41824
5112,285.89,174.08,34.577,84.335,-0.62172
5113,266.85,146.18,44.846,109.38,0.58107
5114,258.08,154.91,44.846,109.38,1.0962
5115,243.5,158,41,100,-0.026614
5116,236.54,183.08,31.538,76.923,-0.3222
5117,219.5,166,41,100,0.41941
5118,195.5,166,41,100,-0.48548
5519,552,174.65,24.322,59.321,-0.41709
5520,564.84,174.19,26.452,64.516,-0.22156
5521,589.93,184.16,24.322,59.321,-0.13143
5522,600.97,179.35,26.452,64.516,0.49275
5557,575.7,184.16,24.322,59.321,-0.74585
5566,518.81,169.9,24.322,59.321,-0.20972
5567,528.3,169.9,24.322,59.321,-0.41107
5568,585.19,165.15,24.322,59.321,-0.74153
5569,557.52,162.35,28.991,70.709,-0.039112
5570,616.45,169.03,26.452,64.516,-0.49889
5571,589.05,160.56,34.577,84.335,-0.41403
5672,495,170.77,31.538,76.923,-0.53435
5673,506.55,173.65,28.991,70.709,-0.22421
5675,535.16,167.32,34.577,84.335,-0.11344
5676,555.37,167.32,34.577,84.335,-0.46332
5677,579.5,158,41,100,0.3046
5678,603.5,166,41,100,0.10484
5685,523.54,173.65,28.991,70.709,-0.58687
5687,595.5,150,41,100,-0.5546
5690,584.37,168,37.762,92.102,-0.66335
5768,552,179.41,24.322,59.321,-0.14875
5769,580.18,173.65,28.991,70.709,-0.30469
5770,599.62,170.77,31.538,76.923,0.33647
5807,552,179.41,24.322,59.321,0.061231
5808,554.52,179.35,26.452,64.516,-0.16294
5809,559.68,184.52,26.452,64.516,-0.46077
5810,568.85,179.29,28.991,70.709,-0.26338
5811,581.15,170.77,31.538,76.923,0.13502
5812,593.46,176.92,31.538,76.923,-0.084463
5868,438.58,179.29,28.991,70.709,-0.69148
5869,427.31,183.08,31.538,76.923,-0.14869
5870,443.5,174,41,100,-0.64278
5871,468.49,172.36,44.846,109.38,-0.389
5872,503.56,172.36,44.846,109.38,-0.34517
5873,546.92,156.92,63.077,153.85,-0.4823
5895,579.5,182,41,100,-0.54792
6031,595.5,158,41,100,-0.74903
6035,595.5,166,41,100,-0.3471
6037,595.5,158,41,100,-0.66111
6039,599.08,168,37.762,92.102,-0.74832
6040,599.08,168,37.762,92.102,-0.72192
6043,599.08,168,37.762,92.102,-0.73706
6494,300.74,174.65,24.322,59.321,-0.51823
6495,286.13,174.19,26.452,64.516,0.32993
6496,234.37,174.65,24.322,59.321,0.79278
6497,205.93,174.65,24.322,59.321,1.0408
6498,172.58,174.19,26.452,64.516,1.6753
6499,167.42,174.19,26.452,64.516,1.575
6500,111.11,174.65,24.322,59.321,2.1344
6501,105.48,174.19,26.452,64.516,1.9702
6502,74.516,174.19,26.452,64.516,1.926
6503,43.548,174.19,26.452,64.516,2.3042
6504,17.742,174.19,26.452,64.516,2.7474
6505,-2.9032,174.19,26.452,64.516,-0.68925
6554,512.86,17.143,117.14,285.71,-0.71255
6561,77.053,153.8,34.577,84.335,-0.73901
6563,232,147.04,34.577,84.335,-0.49065
6564,307.5,142,41,100,-0.73085
6591,566.22,174.65,24.322,59.321,-0.43482
6592,564.84,169.03,26.452,64.516,0.10045
6596,559.68,174.19,26.452,64.516,-0.35567
6597,559.68,174.19,26.452,64.516,-0.42121
6598,589.93,179.41,24.322,59.321,-0.18267
6727,54.615,206.15,63.077,153.85,-0.54454
6728,23,188,82,200,-0.73045
6729,79.091,185.45,74.545,181.82,-0.035826
6730,151,172,82,200,-0.48128
6731,343,172,82,200,0.1373
6732,423,172,82,200,-0.32838
6733,519,172,82,200,-0.34811
6967,519.62,170.77,31.538,76.923,0.36219
6968,525.77,170.77,31.538,76.923,-0.21986
6969,519.62,170.77,31.538,76.923,0.74787
6970,519.62,170.77,31.538,76.923,0.61654
6971,514.95,167.32,34.577,84.335,1.2859
6972,513.46,170.77,31.538,76.923,1.1221
6973,513.46,170.77,31.538,76.923,0.89031
6974,513.46,170.77,31.538,76.923,0.13086
6975,513.46,170.77,31.538,76.923,0.070627
6976,513.46,170.77,31.538,76.923,0.17769
6977,507.31,170.77,31.538,76.923,0.29998
6978,500.88,173.65,28.991,70.709,-0.39113
6980,507.31,170.77,31.538,76.923,-0.59233
6981,507.31,170.77,31.538,76.923,-0.67497
6983,500.88,173.65,28.991,70.709,-0.58681
6985,501.47,167.32,34.577,84.335,-0.54639
6989,494.74,174.08,34.577,84.335,-0.23963
6990,501.15,176.92,31.538,76.923,0.1539
6991,507.31,176.92,31.538,76.923,-0.21447
6992,501.15,176.92,31.538,76.923,0.26341
6993,508.21,174.08,34.577,84.335,0.6905
6994,508.21,174.08,34.577,84.335,0.6021
6995,513.46,176.92,31.538,76.923,0.67086
6996,513.46,176.92,31.538,76.923,0.27189
6997,513.46,176.92,31.538,76.923,0.64098
6998,519.62,176.92,31.538,76.923,0.97967
6999,521.68,174.08,34.577,84.335,1.2042
7000,521.68,174.08,34.577,84.335,1.0151
7001,525.77,176.92,31.538,76.923,0.74549
7002,528.42,174.08,34.577,84.335,1.1151
7003,528.42,174.08,34.577,84.335,0.52142
7004,528.42,174.08,34.577,84.335,0.93855
7005,532.87,175.38,37.762,92.102,0.9676
7006,540.23,175.38,37.762,92.102,0.76416
7007,540.23,175.38,37.762,92.102,0.98087
7008,547.59,175.38,37.762,92.102,0.20307
7009,525.52,175.38,37.762,92.102,-0.0031886
7010,525.52,175.38,37.762,92.102,0.41615
7011,531.5,166,41,100,0.92006
7012,571.5,166,41,100,1.0296
7013,579.5,166,41,100,1.8187
7014,587.5,174,41,100,1.0067
7015,600,163.64,44.846,109.38,0.52849
7016,571.5,174,41,100,0.58255
7017,571.15,153.91,53.647,130.85,0.29668
7018,586.87,160.8,49.058,119.65,0.64294
7019,592.13,153.91,53.647,130.85,-0.15213
7033,466.9,168,28.991,70.709,-0.6634
7038,462.69,151.2,49.058,119.65,-0.66476
7050,231,140,82,200,-0.13053
7051,501.47,167.32,34.577,84.335,-0.55332
7053,513.46,176.92,31.538,76.923,-0.58812
7059,538.08,189.23,31.538,76.923,-0.50461
7060,575.58,180.85,34.577,84.335,0.0020525
7061,571.5,166,41,100,-0.045885
7062,577.01,168,37.762,92.102,-0.011883
7063,579.5,166,41,100,0.5563
7064,579.5,166,41,100,0.4472
7065,579.5,166,41,100,0.56277
7066,579.5,166,41,100,-0.074869
7067,587.5,166,41,100,0.23967
7068,587.5,166,41,100,-0.17618
7069,564.93,163.64,44.846,109.38,-0.22881
7070,571.5,166,41,100,0.20435
7071,603.5,166,41,100,-0.34944
7091,517.88,173.65,28.991,70.709,-0.54313
7097,582.32,167.32,34.577,84.335,0.15687
7098,599.62,170.77,31.538,76.923,-0.092682
7099,605.77,176.92,31.538,76.923,-0.31675
7124,438.58,168,28.991,70.709,-0.58634
7126,464.23,170.77,31.538,76.923,0.044698
7127,439.62,170.77,31.538,76.923,-0.07388
7128,467.79,167.32,34.577,84.335,-0.28168
7129,466.67,160.62,37.762,92.102,-0.54128
7130,466.67,168,37.762,92.102,-0.44787
7131,434.11,174.08,34.577,84.335,-0.036381
7132,461.05,174.08,34.577,84.335,0.074825
7133,454.32,174.08,34.577,84.335,-0.28391
7134,427.5,166,41,100,0.5822
7135,429.89,175.38,37.762,92.102,-0.11285
7136,440.84,180.85,34.577,84.335,0.22943
7137,435.5,174,41,100,0.28147
7138,437.24,182.77,37.762,92.102,0.09779
7139,434.11,187.61,34.577,84.335,0.57756
7140,429.89,182.77,37.762,92.102,0.072053
7141,429.89,190.15,37.762,92.102,0.022755
7142,422.53,190.15,37.762,92.102,-0.15765
7143,444.6,190.15,37.762,92.102,0.0371
7144,400.46,190.15,37.762,92.102,0.051155
7145,407.82,190.15,37.762,92.102,0.3433
7146,393.1,197.54,37.762,92.102,-0.11391
7147,371.03,197.54,37.762,92.102,-0.22594
7148,348.97,197.54,37.762,92.102,0.77086
7149,304.83,197.54,37.762,92.102,0.50184
7150,253.33,197.54,37.762,92.102,0.060083
7151,195.5,190,41,100,0.13858
7152,115.5,198,41,100,0.33753
7153,35.5,198,41,100,-0.054904
7192,480.89,179.41,24.322,59.321,-0.060805
7193,485.63,179.41,24.322,59.321,-0.0062797
7194,492.58,179.35,26.452,64.516,0.3841
7195,497.74,179.35,26.452,64.516,0.36853
7196,508.06,179.35,26.452,64.516,0.080152
7197,513.23,179.35,26.452,64.516,-0.19451
7198,519.62,170.77,31.538,76.923,0.18394
7199,525.77,170.77,31.538,76.923,-0.28972
7200,531.92,170.77,31.538,76.923,-0.40563
7201,547.59,168,37.762,92.102,1.0591
7202,554.94,168,37.762,92.102,0.21673
7203,569.66,160.62,37.762,92.102,-0.18093
7204,579.5,158,41,100,0.3039
7205,595.5,158,41,100,-0.079704
7206,570,169.03,26.452,64.516,-0.7141
7253,514.07,169.9,24.322,59.321,-0.65758
7255,528.3,169.9,24.322,59.321,-0.60067
7256,540.53,162.35,28.991,70.709,0.24723
7257,550.38,164.62,31.538,76.923,-0.43707
7258,563.19,162.35,28.991,70.709,-0.45867
7260,571.5,150,41,100,-0.70629
7262,428.74,174.65,24.322,59.321,0.42808
7263,415.16,174.19,26.452,64.516,0.49185
7264,414.52,174.65,24.322,59.321,2.0597
7265,409.78,174.65,24.322,59.321,2.1847
7266,405.04,174.65,24.322,59.321,2.2493
7267,404.84,174.19,26.452,64.516,1.2828
7268,394.52,174.19,26.452,64.516,1.7277
7269,432.92,162.35,28.991,70.709,0.61737
7270,425.48,169.03,26.452,64.516,1.0061
7271,371.92,164.62,31.538,76.923,1.3308
7272,365.77,170.77,31.538,76.923,2.1514
7273,404.6,168,28.991,70.709,1.3575
7274,346.53,167.32,34.577,84.335,1.4263
7275,334.25,168,37.762,92.102,0.98245
7276,319.54,168,37.762,92.102,0.7734
7277,304.83,168,37.762,92.102,0.67672
7278,291.5,166,41,100,1.355
7279,283.5,166,41,100,0.59463
7280,259.5,174,41,100,-0.12794
7281,251.5,174,41,100,-0.095312
7282,227.5,174,41,100,-0.53224
7283,171.5,166,41,100,0.77713
7284,266.85,154.91,44.846,109.38,0.76657
7285,249.32,154.91,44.846,109.38,0.58724
7286,106.21,175.38,37.762,92.102,1.3167
7287,203.93,143.48,53.647,130.85,0.38712
7288,91.538,144.62,63.077,153.85,0.98621
7289,30.137,163.64,44.846,109.38,0.52788
7290,151.48,143.48,53.647,130.85,1.9501
7291,19.167,143.33,68.333,166.67,1.4959
7292,243.85,165.15,24.322,59.321,0.067839
7293,79.231,132.31,63.077,153.85,0.96196
7294,57.049,153.91,53.647,130.85,1.5106
7295,32.5,130,68.333,166.67,1.095
7296,219.03,163.87,26.452,64.516,0.39581
7298,206.37,168,28.991,70.709,-0.53617
7299,172.58,174.19,26.452,64.516,-0.55422
7306,77.926,184.16,24.322,59.321,1.6487
7307,44.741,184.16,24.322,59.321,0.28266
7308,92.148,184.16,24.322,59.321,0.62663
7309,243.85,179.41,24.322,59.321,0.0013379
7310,144.3,184.16,24.322,59.321,0.95911
7311,125.33,184.16,24.322,59.321,0.82036
7312,115.85,184.16,24.322,59.321,1.3875
7313,110.09,173.65,28.991,70.709,0.76406
7314,105.48,184.52,26.452,64.516,0.99218
7315,158.52,188.91,24.322,59.321,2.0428
7316,296.45,179.35,26.452,64.516,0.49742
7317,-10.909,129.6,98.974,241.4,-0.14434
7318,8.4848,129.6,98.974,241.4,0.0433
7319,47.273,129.6,98.974,241.4,1.2684
7320,70.968,120,106.29,259.24,1.2109
7321,86.061,129.6,98.974,241.4,1.085
7322,53.871,184.52,26.452,64.516,1.6295
7323,132.9,120,106.29,259.24,0.76007
7324,24.865,132.86,88.314,215.4,0.65228
7325,42.162,132.86,88.314,215.4,1.6902
7326,59.459,132.86,88.314,215.4,2.1568
7327,256.77,120,106.29,259.24,1.3161
7328,298.06,120,106.29,259.24,1.2911
7329,128.65,132.86,88.314,215.4,2.2716
7330,357.58,129.6,98.974,241.4,1.1928
7331,380.65,120,106.29,259.24,1.0677
7332,202.42,129.6,98.974,241.4,1.8375
7333,232.43,132.86,88.314,215.4,1.3536
7334,260.61,129.6,98.974,241.4,0.8951
7397,497.6,120,130.47,318.22,-0.51614
7399,467.14,131.43,117.14,285.71,0.37565
7400,442.58,161.74,106.29,259.24,-0.077736
7401,421.94,140.87,106.29,259.24,-0.73565
7402,401.29,140.87,106.29,259.24,-0.020638
7403,396.36,148.8,98.974,241.4,-0.38279
7404,376.97,148.8,98.974,241.4,-0.70552
7405,353.51,150,88.314,215.4,-0.5314
7406,336.22,167.14,88.314,215.4,-0.64492
7407,318.92,150,88.314,215.4,-0.43142
7408,301.62,150,88.314,215.4,-0.61038
7409,295,156,82,200,0.456
7410,284.32,150,88.314,215.4,-0.0092248
7411,263,156,82,200,-0.39018
7413,225,46.667,136.67,333.33,-0.56156
7414,231,156,82,200,-0.48703
7415,215.14,150,88.314,215.4,0.18435
7416,215,156,82,200,0.27675
7417,199,156,82,200,-0.26185
7418,192.5,170,68.333,166.67,-0.72763
7419,518.33,100,136.67,333.33,-0.7051
7420,491.67,126.67,136.67,333.33,-0.32179
7421,472,120,130.47,318.22,-0.029505
7422,444.29,131.43,117.14,285.71,-0.16464
7423,438.33,100,136.67,333.33,0.37609
7424,137.27,156.36,74.545,181.82,-0.64041
7425,375.71,131.43,117.14,285.71,-0.32981
7427,112.5,170,68.333,166.67,-0.34618
7428,360,140.28,34.577,84.335,-0.22016
7429,333.05,140.28,34.577,84.335,-0.61797
7430,50,156.36,74.545,181.82,-0.34216
7431,32.5,170,68.333,166.67,-0.49644
7433,215,172,82,200,0.1321
7434,91.494,145.85,37.762,92.102,-0.27331
7485,585.48,179.35,26.452,64.516,0.54876
7486,594.67,184.16,24.322,59.321,-0.53784
7534,528.3,174.65,24.322,59.321,-0.4703
7554,483.5,134,41,100,-0.50659
7558,528.71,163.87,26.452,64.516,-0.49282
7559,532.87,138.46,37.762,92.102,-0.47343
7560,551.86,162.35,28.991,70.709,-0.56862
7562,589.05,160.56,34.577,84.335,0.24208
7585,611.29,174.19,26.452,64.516,-0.5757
7676,566.22,169.9,24.322,59.321,0.8427
7677,561.48,169.9,24.322,59.321,2.3396
7680,542.52,169.9,24.322,59.321,1.3475
7681,537.78,169.9,24.322,59.321,2.1048
7682,528.3,174.65,24.322,59.321,1.5268
7683,518.81,169.9,24.322,59.321,1.201
7684,514.07,169.9,24.322,59.321,1.0349
7685,504.59,169.9,24.322,59.321,0.73309
7686,499.85,169.9,24.322,59.321,0.94096
7687,495.11,174.65,24.322,59.321,0.42989
7688,482.69,158.46,31.538,76.923,-0.44184
7690,464.23,158.46,31.538,76.923,-0.62742
7691,528.3,174.65,24.322,59.321,-0.28744
7692,537.78,165.15,24.322,59.321,-0.24568
7693,509.33,169.9,24.322,59.321,-0.087441
7694,518.81,165.15,24.322,59.321,-0.20971
7696,497.74,163.87,26.452,64.516,-0.74464
7697,466.67,169.9,24.322,59.321,-0.42316
7698,456.45,163.87,26.452,64.516,-0.5064
7699,471.94,163.87,26.452,64.516,0.69628
7700,461.61,163.87,26.452,64.516,-0.36764
7701,449.91,162.35,28.991,70.709,-0.46116
7702,444.25,162.35,28.991,70.709,-0.24826
7703,571.5,158,41,100,0.17661
7712,461.93,165.15,24.322,59.321,-0.38152
7714,471.41,165.15,24.322,59.321,-0.4924
7715,471.41,165.15,24.322,59.321,-0.47849
7717,452.44,169.9,24.322,59.321,-0.43039
7719,398.94,162.35,28.991,70.709,-0.49197
7720,348.97,153.23,37.762,92.102,0.017556
7721,299.37,160.56,34.577,84.335,-0.082739
7722,238.74,160.56,34.577,84.335,0.17238
7723,155.5,150,41,100,-0.28136
7724,76.782,153.23,37.762,92.102,0.25171
7764,604.15,179.41,24.322,59.321,-0.57733
7766,613.63,184.16,24.322,59.321,-0.4635
7793,606.13,169.03,26.452,64.516,1.4305
7818,521.1,146.18,44.846,109.38,-0.63973
7819,523.55,153.55,26.452,64.516,-0.56889
7822,487.21,133.04,53.647,130.85,-0.37414
7824,466.67,145.85,37.762,92.102,-0.57685
7825,445.25,143.48,53.647,130.85,0.41903
7826,437.24,153.23,37.762,92.102,-0.74774
7842,107.86,145.71,58.571,142.86,-0.097364
7843,96.429,145.71,58.571,142.86,-0.36437
7845,50.714,145.71,58.571,142.86,-0.13727
7846,27.857,157.14,58.571,142.86,-0.18279
7847,15.082,153.91,53.647,130.85,0.62399
7891,4.5902,174.78,53.647,130.85,-0.39183
7892,51.94,170.4,49.058,119.65,-0.51806
7893,85,168.57,58.571,142.86,0.85288
7894,140.98,164.35,53.647,130.85,-0.44628
7901,453.13,170.4,49.058,119.65,-0.63452
7902,491.34,170.4,49.058,119.65,0.099881
7903,459.73,163.64,44.846,109.38,-0.59323
7904,567.76,170.4,49.058,119.65,0.53958
7905,510.45,160.8,49.058,119.65,-0.1042
7906,538.63,172.36,44.846,109.38,-0.48081
7907,548.66,170.4,49.058,119.65,0.32798
7908,573.7,172.36,44.846,109.38,-0.02258
7909,586.87,160.8,49.058,119.65,0.17993
7910,600,163.64,44.846,109.38,-0.20526
7952,597.17,173.65,28.991,70.709,-0.44607
7953,597.17,173.65,28.991,70.709,-0.25222
7955,591.5,173.65,28.991,70.709,-0.48989
7956,585.84,173.65,28.991,70.709,0.025621
7957,585.84,173.65,28.991,70.709,-0.088023
7958,585.84,173.65,28.991,70.709,0.22916
7959,585.48,174.19,26.452,64.516,0.47749
7960,580.32,174.19,26.452,64.516,-0.56734
7961,574.51,168,28.991,70.709,0.34033
7962,574.51,168,28.991,70.709,0.48624
7963,575.16,174.19,26.452,64.516,0.51106
7964,568.85,168,28.991,70.709,1.3276
7965,568.85,168,28.991,70.709,1.0808
7966,570,174.19,26.452,64.516,0.69979
7967,564.84,174.19,26.452,64.516,0.99254
7968,564.84,174.19,26.452,64.516,0.83584
7969,564.84,174.19,26.452,64.516,0.28161
7970,559.68,174.19,26.452,64.516,1.3594
7971,559.68,174.19,26.452,64.516,1.1729
7972,554.52,174.19,26.452,64.516,-0.031128
7973,559.68,174.19,26.452,64.516,-0.49622
7974,554.52,174.19,26.452,64.516,0.65653
7975,554.52,174.19,26.452,64.516,-0.031838
7976,549.35,174.19,26.452,64.516,0.19709
7977,549.35,174.19,26.452,64.516,0.70909
7978,549.35,174.19,26.452,64.516,0.55081
7979,549.35,174.19,26.452,64.516,-0.060499
7980,544.19,174.19,26.452,64.516,0.45734
7981,547.26,174.65,24.322,59.321,0.43497
7982,544.19,174.19,26.452,64.516,-0.10805
7983,542.52,174.65,24.322,59.321,0.060051
7984,542.52,174.65,24.322,59.321,0.6012
7986,564.84,169.03,26.452,64.516,0.12793
7987,537.78,174.65,24.322,59.321,0.11344
7988,561.48,174.65,24.322,59.321,-0.12289
7990,533.04,174.65,24.322,59.321,0.96815
7991,533.04,174.65,24.322,59.321,0.61909
7992,533.04,174.65,24.322,59.321,1.3537
7994,528.3,174.65,24.322,59.321,-0.0090135
7995,528.3,174.65,24.322,59.321,0.20573
7996,528.3,174.65,24.322,59.321,-0.44681
7997,528.3,174.65,24.322,59.321,-0.57243
8097,427.26,173.65,28.991,70.709,-0.68806
8099,434.11,167.32,34.577,84.335,-0.35308
8101,459.5,158,41,100,-0.67674
8104,497.7,153.91,53.647,130.85,-0.72218
8210,523.56,174.65,24.322,59.321,0.30272
8211,537.78,174.65,24.322,59.321,0.20734
8212,552,174.65,24.322,59.321,-0.42482
8213,568.85,168,28.991,70.709,-0.51608
8214,587.31,170.77,31.538,76.923,0.36597
8215,602.53,167.32,34.577,84.335,-0.28796
8352,444.6,160.62,37.762,92.102,-0.64911
8353,435.5,158,41,100,-0.0099431
8354,435.5,158,41,100,0.52424
8355,435.5,158,41,100,0.046368
8356,433.42,154.91,44.846,109.38,-0.52853
8361,433.42,146.18,44.846,109.38,0.19301
8362,434.75,143.48,53.647,130.85,-0.11675
8363,445.25,133.04,53.647,130.85,-0.60357
8364,455.74,143.48,53.647,130.85,-0.17296
8365,473.57,134.29,58.571,142.86,-0.062587
8366,485.38,132.31,63.077,153.85,0.10425
8368,512.5,130,68.333,166.67,0.12628
8369,526.49,98.571,88.314,215.4,0.046567
8370,543.78,115.71,88.314,215.4,0.40062
8371,549.35,179.35,26.452,64.516,-0.6859
8373,580.18,173.65,28.991,70.709,-0.52458
8374,599.08,160.62,37.762,92.102,-0.50967
8421,523.56,179.41,24.322,59.321,-0.58882
8425,544.19,179.35,26.452,64.516,-0.64647
8426,499.85,174.65,24.322,59.321,0.46552
8429,514.07,179.41,24.322,59.321,-0.20521
8430,518.81,179.41,24.322,59.321,0.67642
8431,523.55,179.35,26.452,64.516,0.24182
8432,529.2,173.65,28.991,70.709,0.42267
8433,539.03,179.35,26.452,64.516,-0.24435
8434,546.19,173.65,28.991,70.709,-0.36636
8435,551.86,173.65,28.991,70.709,-0.22335
8436,563.19,173.65,28.991,70.709,0.31325
8437,568.85,173.65,28.991,70.709,-0.44184
8438,585.84,173.65,28.991,70.709,-0.36357
8446,512.86,108.57,117.14,285.71,-0.5266
8447,483.87,140.87,106.29,259.24,-0.54166
8448,454.55,168,98.974,241.4,-0.31492
8450,376.97,148.8,98.974,241.4,-0.25277
8452,311,172,82,200,-0.074889
8454,219.17,196.67,68.333,166.67,-0.25898
8455,167,156,82,200,-0.52269
8456,122.73,170.91,74.545,181.82,-0.50416
8457,62.143,202.86,58.571,142.86,-0.0064585
8458,565.83,183.33,68.333,166.67,-0.51903
8459,503,172,82,200,1.3034
8460,423,172,82,200,-0.12087
8461,343,172,82,200,1.2255
8462,263,172,82,200,1.0359
8463,163.24,167.14,88.314,215.4,1.0784
8464,42.162,167.14,88.314,215.4,1.206
8544,101.63,150.89,24.322,59.321,-0.27342
8549,58.077,158.46,31.538,76.923,-0.58723
8590,595.5,150,41,100,-0.6018
8835,514.07,174.65,24.322,59.321,-0.62091
8843,495.11,179.41,24.322,59.321,-0.49422
8845,504.59,179.41,24.322,59.321,-0.33533
8846,616.45,179.35,26.452,64.516,-0.35913
8847,513.23,174.19,26.452,64.516,-0.33964
8852,555.5,158,41,100,-0.098994
8854,584.37,160.62,37.762,92.102,-0.70283
8944,591.5,168,28.991,70.709,-0.20042
8945,602.83,168,28.991,70.709,0.1074
8953,414.52,174.65,24.322,59.321,-0.74982
9061,570.96,174.65,24.322,59.321,-0.086533
9063,594.67,174.65,24.322,59.321,-0.54181
9064,606.13,174.19,26.452,64.516,-0.39919
9123,429.89,175.38,37.762,92.102,-0.1173
9124,435.5,174,41,100,0.14813
9125,435.5,174,41,100,0.072978
9126,443.5,174,41,100,0.24299
9127,443.5,174,41,100,0.4027
9128,451.5,174,41,100,-0.4568
9129,451.5,174,41,100,-0.26909
9130,459.5,174,41,100,-0.16125
9131,459.73,172.36,44.846,109.38,0.024815
9132,467.5,174,41,100,-0.24221
9133,468.49,172.36,44.846,109.38,-0.56127
9134,477.26,172.36,44.846,109.38,-0.2076
9136,575.7,174.65,24.322,59.321,0.13748
9137,580.44,174.65,24.322,59.321,-0.17818
9138,512.33,163.64,44.846,109.38,-0.71573
9139,510.45,160.8,49.058,119.65,-0.54813
9140,523.5,166,41,100,-0.68632
9141,529.55,170.4,49.058,119.65,-0.30267
9142,538.63,163.64,44.846,109.38,-0.71967
9143,539.1,170.4,49.058,119.65,-0.39776
9145,547.5,166,41,100,-0.73723
9146,547.5,166,41,100,-0.37641
9147,548.66,170.4,49.058,119.65,-0.41085
9148,547.4,172.36,44.846,109.38,-0.64664
9149,539.67,164.35,53.647,130.85,-0.30987
9150,539.1,170.4,49.058,119.65,0.31851
9151,547.5,166,41,100,-0.10209
9152,547.4,172.36,44.846,109.38,-0.17605
9155,558.21,170.4,49.058,119.65,-0.39767
9156,548.66,170.4,49.058,119.65,-0.60568
9157,548.66,170.4,49.058,119.65,-0.59608
9159,539.1,170.4,49.058,119.65,-0.40245
9160,538.63,172.36,44.846,109.38,-0.09801
9161,529.55,160.8,49.058,119.65,-0.011648
9162,529.55,160.8,49.058,119.65,-0.74966
9163,521.1,163.64,44.846,109.38,-0.67461
9164,515.5,174,41,100,-0.47825
9165,515.5,166,41,100,-0.60845
9166,507.5,174,41,100,-0.69722
9167,503.56,163.64,44.846,109.38,-0.40784
9170,491.5,166,41,100,-0.2416
9172,483.5,166,41,100,-0.71677
9178,559.68,163.87,26.452,64.516,-0.64474
9180,570,163.87,26.452,64.516,-0.58185
9185,585.48,163.87,26.452,64.516,-0.65048
9186,589.93,169.9,24.322,59.321,-0.10409
9187,591.5,162.35,28.991,70.709,0.26263
9188,595.81,169.03,26.452,64.516,-0.0087201
9189,595.81,169.03,26.452,64.516,-0.55592
9190,597.17,168,28.991,70.709,0.053013
9191,600.97,169.03,26.452,64.516,0.27291
9192,600.97,169.03,26.452,64.516,0.51366
9193,602.83,168,28.991,70.709,0.41621
9194,606.13,169.03,26.452,64.516,0.28899
9195,608.5,168,28.991,70.709,-0.26806
9196,608.5,168,28.991,70.709,0.26751
9197,608.5,168,28.991,70.709,-0.10184
9198,608.5,168,28.991,70.709,-0.64901
9199,614.16,168,28.991,70.709,-0.70665
9200,597.17,168,28.991,70.709,0.21738
9202,600.97,174.19,26.452,64.516,0.064646
9203,602.83,173.65,28.991,70.709,-0.1517
9204,602.83,173.65,28.991,70.709,-0.13492
9205,602.83,173.65,28.991,70.709,0.014407
9206,608.5,173.65,28.991,70.709,-0.19876
9207,608.5,173.65,28.991,70.709,0.92641
9208,611.29,174.19,26.452,64.516,0.23565
9209,608.5,173.65,28.991,70.709,0.16827
9210,614.16,173.65,28.991,70.709,-0.51541
9331,595.5,150,41,100,-0.30064
9338,513.23,184.52,26.452,64.516,-0.36735
9342,575.7,184.16,24.322,59.321,-0.70911
9343,593.46,176.92,31.538,76.923,0.17007
9481,512.86,-5.7143,117.14,285.71,-0.45011
9494,552,169.9,24.322,59.321,0.39682
9496,561.48,169.9,24.322,59.321,0.42896
9498,570.96,169.9,24.322,59.321,0.12093
9499,575.16,169.03,26.452,64.516,1.0885
9500,580.32,169.03,26.452,64.516,0.19616
9501,585.48,169.03,26.452,64.516,1.2451
9502,591.5,168,28.991,70.709,0.37932
9503,595.81,169.03,26.452,64.516,1.3268
9504,600.97,169.03,26.452,64.516,0.47486
9505,608.5,162.35,28.991,70.709,-0.033727
9506,608.5,162.35,28.991,70.709,-0.24695
9615,21.37,111.27,44.846,109.38,-0.28534
9623,533.04,169.9,24.322,59.321,-0.72757
9684,27.879,129.6,98.974,241.4,-0.16766
9685,50.323,120,106.29,259.24,-0.7257
9686,91.613,120,106.29,259.24,-0.59876
9687,112.26,120,106.29,259.24,-0.25554
9688,153.55,120,106.29,259.24,0.37147
9690,236.13,120,106.29,259.24,-0.40286
9691,260.61,129.6,98.974,241.4,-0.2643
9692,307.14,108.57,117.14,285.71,-0.72316
9693,318.71,120,106.29,259.24,-0.36138
9694,360,120,106.29,259.24,1.058
9695,380.65,120,106.29,259.24,0.6486
9696,421.94,120,106.29,259.24,-0.31967
9697,442.58,120,106.29,259.24,0.56603
9698,463.23,120,106.29,259.24,0.3755
9699,493.33,129.6,98.974,241.4,0.32031
9700,103,156,82,200,0.21234
9701,135,156,82,200,0.83498
9702,519,124,82,200,0.42652
9703,535,124,82,200,0.84239
9704,532.12,110.4,98.974,241.4,0.60082
9705,551,124,82,200,0.3671
9706,561.08,115.71,88.314,215.4,0.17778
9707,567,124,82,200,0.58034
9708,295,140,82,200,0.19634
9709,327,156,82,200,-0.17815
9710,343,140,82,200,0.024402
9711,370,156.36,74.545,181.82,0.29205
9712,388.11,132.86,88.314,215.4,0.12555
9713,407,140,82,200,0.040199
9714,439,140,82,200,0.36844
9715,455,140,82,200,0.40751
9716,487,140,82,200,-0.086258
9717,503,140,82,200,0.69484
9718,526.49,132.86,88.314,215.4,-0.0083914
9719,551,140,82,200,0.33574
10029,466.77,179.35,26.452,64.516,-0.54571
10030,478.23,179.29,28.991,70.709,-0.36547
10031,489.56,184.94,28.991,70.709,-0.21739
10032,501.15,183.08,31.538,76.923,-0.33681
10033,519.62,183.08,31.538,76.923,-0.012975
10034,528.42,180.85,34.577,84.335,0.22154
10036,563.5,182,41,100,0.065275
10037,586.87,170.4,49.058,119.65,-0.27049
10121,425.48,184.52,26.452,64.516,-0.6931
10122,528.3,188.91,24.322,59.321,-0.46663
10123,546.19,184.94,28.991,70.709,-0.60105
10126,614.16,184.94,28.991,70.709,-0.60361
10127,488.85,183.08,31.538,76.923,-0.672
10129,508.21,174.08,34.577,84.335,-0.54497
10130,507.5,166,41,100,-0.51592
10138,462.69,141.6,49.058,119.65,-0.01733
10139,453.13,151.2,49.058,119.65,-0.44378
10141,405,134.29,58.571,142.86,-0.57906
10142,386.92,132.31,63.077,153.85,-0.40152
10144,362.31,132.31,63.077,153.85,-0.28973
10145,325.38,132.31,63.077,153.85,-0.083521
10146,311.82,112.73,74.545,181.82,-0.35048
10151,165.83,143.33,68.333,166.67,-0.37158
10153,94.054,98.571,88.314,215.4,0.018574
10202,73.185,188.91,24.322,59.321,-0.49489
10203,53.451,184.94,28.991,70.709,0.084791
10205,15,183.08,31.538,76.923,-0.40475
10228,443.5,166,41,100,-0.083497
10232,497.7,174.78,53.647,130.85,-0.61548
10256,533.87,174.19,26.452,64.516,-0.48933
10257,534.87,173.65,28.991,70.709,0.71097
10258,540.53,173.65,28.991,70.709,0.74392
10259,534.87,173.65,28.991,70.709,0.12669
10260,551.86,173.65,28.991,70.709,0.39307
10261,557.52,173.65,28.991,70.709,0.15918
10262,563.19,173.65,28.991,70.709,0.5091
10263,531.92,176.92,31.538,76.923,0.82664
10264,574.51,179.29,28.991,70.709,0.40201
10265,575.58,174.08,34.577,84.335,0.88243
10266,580.18,184.94,28.991,70.709,-0.27717
10267,580.18,184.94,28.991,70.709,0.058431
10268,574.51,190.59,28.991,70.709,-0.15047
10269,464.23,183.08,31.538,76.923,-0.28693
10270,563.5,166,41,100,-0.36257
10271,548.63,187.61,34.577,84.335,0.18647
10272,535.16,180.85,34.577,84.335,0.84536
10273,518.16,175.38,37.762,92.102,0.21124
10274,491.5,174,41,100,0.10173
10275,467.5,166,41,100,-0.74446
10276,450.96,163.64,44.846,109.38,-0.7269
10277,424.66,154.91,44.846,109.38,0.41429
10278,395.82,160.8,49.058,119.65,-0.71107
10279,352.5,130,68.333,166.67,-0.63053
10280,319.45,172.36,44.846,109.38,-0.61357
10281,266.89,153.91,53.647,130.85,0.19483
10282,224.92,153.91,53.647,130.85,-0.4754
10283,165.38,144.62,63.077,153.85,-0.40963
10286,21.37,163.64,44.846,109.38,-0.046164
10416,575,152.31,31.538,76.923,-0.61258
10417,593.46,146.15,31.538,76.923,-0.14977
10483,604.15,184.16,24.322,59.321,-0.21683
10514,514.07,184.16,24.322,59.321,-0.68133
10579,50.714,88.571,58.571,142.86,-0.72659
10610,23,92,82,200,-0.58959
10620,260.69,175.38,37.762,92.102,-0.55163
10729,51.923,152.31,31.538,76.923,-0.36411
10769,101.63,184.16,24.322,59.321,-0.64914
10770,96.889,184.16,24.322,59.321,-0.5973
10775,126.13,184.52,26.452,64.516,-0.40152
10776,126.13,184.52,26.452,64.516,-0.71436
10778,101.63,184.16,24.322,59.321,-0.26786
10802,79.677,189.68,26.452,64.516,-0.64514
10815,90,194.84,26.452,64.516,-0.70871
10956,4.1791,189.6,49.058,119.65,-0.38253
10957,42.388,199.2,49.058,119.65,-0.44137
10958,88.525,185.22,53.647,130.85,0.13994
10959,140.98,185.22,53.647,130.85,-0.60925
10960,187.86,180,58.571,142.86,-0.15339
10961,239.23,169.23,63.077,153.85,0.45289
10962,288.46,169.23,63.077,153.85,0.31186
10963,352.5,156.67,68.333,166.67,0.36657
10964,423,140,82,200,0.5451
10965,503,140,82,200,1.094
11033,466.67,160.4,24.322,59.321,-0.3393
11109,427.26,179.29,28.991,70.709,0.82289
11110,435.81,179.35,26.452,64.516,0.64679
11111,514.07,169.9,24.322,59.321,-0.13835
11112,456.45,179.35,26.452,64.516,1.196
11113,461.61,179.35,26.452,64.516,1.3079
11114,472.57,173.65,28.991,70.709,-0.10924
11115,482.26,179.35,26.452,64.516,0.33176
11116,489.56,173.65,28.991,70.709,0.41674
11117,495.22,173.65,28.991,70.709,0.38788
11118,507.31,170.77,31.538,76.923,1.7765
11119,513.46,170.77,31.538,76.923,0.53023
11120,523.55,179.35,26.452,64.516,0.82048
11121,531.92,170.77,31.538,76.923,1.0727
11122,540.53,179.29,28.991,70.709,1.0217
11123,551.86,179.29,28.991,70.709,0.186
11124,563.19,179.29,28.991,70.709,-0.032311
11125,534.87,173.65,28.991,70.709,0.40738
11126,540.53,173.65,28.991,70.709,-0.075219
11129,544.23,176.92,31.538,76.923,-0.11535
11130,546.19,179.29,28.991,70.709,-0.05114
11131,544.23,176.92,31.538,76.923,0.044215
11132,548.63,167.32,34.577,84.335,-0.13484
11133,550.38,176.92,31.538,76.923,1.2082
11134,548.63,174.08,34.577,84.335,0.33699
11135,555.37,174.08,34.577,84.335,0.51813
11136,557.52,184.94,28.991,70.709,0.078735
11137,556.54,176.92,31.538,76.923,-0.71005
11138,562.69,176.92,31.538,76.923,-0.65424
11139,457.19,188.91,24.322,59.321,-0.34603
11144,582.32,174.08,34.577,84.335,-0.24334
11145,582.32,180.85,34.577,84.335,-0.42497
11146,593.46,183.08,31.538,76.923,0.035353
11147,593.46,183.08,31.538,76.923,0.32916
11148,593.46,183.08,31.538,76.923,0.17203
11149,595.79,180.85,34.577,84.335,-0.28481
11151,437.24,175.38,37.762,92.102,0.024101
11152,595.5,166,41,100,-0.29709
11153,454.32,180.85,34.577,84.335,-0.28713
11154,599.08,175.38,37.762,92.102,-0.5357
11155,595.5,166,41,100,-0.49408
11157,494.74,180.85,34.577,84.335,-0.24826
11158,464.23,183.08,31.538,76.923,0.32389
11159,599.08,175.38,37.762,92.102,-0.4874
11160,602.83,179.29,28.991,70.709,-0.43312
11163,550.38,183.08,31.538,76.923,-0.40271
11164,599.62,183.08,31.538,76.923,0.24569
11165,472.57,184.94,28.991,70.709,-0.54346
11166,595.5,174,41,100,-0.21991
11167,591.72,175.38,37.762,92.102,0.25678
11168,595.79,180.85,34.577,84.335,0.13062
11169,599.62,183.08,31.538,76.923,0.19956
11170,595.5,174,41,100,0.077211
11173,477.1,189.68,26.452,64.516,-0.1588
11174,602.53,180.85,34.577,84.335,-0.43518
11175,482.69,183.08,31.538,76.923,-0.46999
11176,482.69,183.08,31.538,76.923,-0.19002
11177,483.89,184.94,28.991,70.709,0.47174
11178,483.89,184.94,28.991,70.709,0.044483
11179,488.85,183.08,31.538,76.923,0.14227
11180,488.85,183.08,31.538,76.923,-0.21118
11181,602.53,187.61,34.577,84.335,-0.05006
11182,489.56,184.94,28.991,70.709,-0.22573
11188,501.47,180.85,34.577,84.335,0.1906
11189,506.55,190.59,28.991,70.709,-0.16828
11190,507.31,183.08,31.538,76.923,-0.078154
11191,507.31,183.08,31.538,76.923,-0.029793
11192,508.21,180.85,34.577,84.335,1.0198
11193,513.46,183.08,31.538,76.923,-0.052346
11194,602.53,180.85,34.577,84.335,-0.12162
11198,602.53,180.85,34.577,84.335,-0.22498
11199,528.42,180.85,34.577,84.335,0.28346
11200,528.42,180.85,34.577,84.335,0.279
11201,532.87,175.38,37.762,92.102,0.64008
11205,540.23,182.77,37.762,92.102,0.28317
11209,547.59,182.77,37.762,92.102,0.19984
11210,547.59,182.77,37.762,92.102,0.42084
11211,593.46,189.23,31.538,76.923,-0.24397
11212,547.5,174,41,100,0.59287
11213,547.5,174,41,100,0.3739
11214,547.59,182.77,37.762,92.102,0.1368
11215,547.5,182,41,100,0.96739
11216,547.5,182,41,100,0.88795
11217,547.5,182,41,100,0.87163
11218,547.5,182,41,100,0.17585
11219,539.5,182,41,100,0.32856
11220,539.5,182,41,100,0.57476
11221,547.5,182,41,100,0.52873
11222,539.5,182,41,100,0.26165
11223,539.5,182,41,100,0.20691
11224,539.5,182,41,100,-0.09596
11230,547.5,182,41,100,-0.036953
11231,547.5,182,41,100,0.14308
11232,538.63,181.09,44.846,109.38,0.42839
11233,547.4,181.09,44.846,109.38,0.88723
11234,547.4,181.09,44.846,109.38,0.62714
11235,547.4,181.09,44.846,109.38,0.90084
11236,547.4,181.09,44.846,109.38,0.061714
11237,538.63,181.09,44.846,109.38,0.46292
11238,538.63,181.09,44.846,109.38,0.16204
11239,538.63,181.09,44.846,109.38,0.57968
11240,538.63,181.09,44.846,109.38,-0.0158
11241,547.5,190,41,100,0.38973
11242,547.4,181.09,44.846,109.38,0.77839
11243,547.4,181.09,44.846,109.38,0.89264
11244,547.4,181.09,44.846,109.38,1.0714
11245,555.5,190,41,100,1.1526
11246,579.5,190,41,100,0.44515
11247,579.5,190,41,100,0.79529
11248,587.5,182,41,100,0.34126
11249,548.66,180,49.058,119.65,0.62428
11250,587.5,190,41,100,0.7969
11251,548.66,180,49.058,119.65,0.80064
11252,558.21,180,49.058,119.65,0.93542
11253,595.5,190,41,100,1.4034
11254,550.16,174.78,53.647,130.85,1.1279
11255,550.16,174.78,53.647,130.85,1.0267
11256,550.16,174.78,53.647,130.85,0.71476
11257,550.16,174.78,53.647,130.85,0.30733
11258,560.66,174.78,53.647,130.85,0.49541
11259,560.66,174.78,53.647,130.85,0.31146
11260,553.57,168.57,58.571,142.86,0.27621
11261,560.66,185.22,53.647,130.85,0.68233
11262,565,168.57,58.571,142.86,-0.09753
11263,565,168.57,58.571,142.86,-0.41457
11264,576.43,180,58.571,142.86,-0.12069
11265,576.43,168.57,58.571,142.86,-0.42274
11266,565.83,156.67,68.333,166.67,-0.58651
11289,587.86,168.57,58.571,142.86,-0.079758
11290,576.43,168.57,58.571,142.86,0.31396
11291,576.43,168.57,58.571,142.86,0.87953
11292,565,168.57,58.571,142.86,1.4348
11293,560.66,174.78,53.647,130.85,1.8173
11294,553.57,168.57,58.571,142.86,1.5187
11295,550.16,174.78,53.647,130.85,1.8851
11296,542.14,168.57,58.571,142.86,1.3469
11297,539.67,174.78,53.647,130.85,0.69563
11298,529.18,174.78,53.647,130.85,1.5658
11299,529.18,174.78,53.647,130.85,1.4233
11300,529.18,174.78,53.647,130.85,1.9401
11301,529.18,174.78,53.647,130.85,1.7295
11302,518.69,174.78,53.647,130.85,1.3282
11303,587.5,182,41,100,1.0479
11304,510.45,180,49.058,119.65,0.9325
11305,577.31,170.4,49.058,119.65,0.29188
11306,491.34,170.4,49.058,119.65,0.77202
11307,472.24,170.4,49.058,119.65,0.67544
11308,462.69,170.4,49.058,119.65,0.70006
11309,453.13,170.4,49.058,119.65,1.4357
11310,434.03,170.4,49.058,119.65,-0.042071
11311,414.93,170.4,49.058,119.65,-0.18338
11312,407.82,190.15,37.762,92.102,-0.11789
11313,395.5,182,41,100,0.064541
11314,380.82,172.36,44.846,109.38,0.087121
11315,363.29,172.36,44.846,109.38,0.11787
11316,345.75,172.36,44.846,109.38,0.11081
11317,336.99,172.36,44.846,109.38,0.32687
11318,323.5,174,41,100,-0.3255
11319,595.5,174,41,100,0.85058
11320,579.5,174,41,100,-0.20101
11321,573.7,172.36,44.846,109.38,0.1433
11322,291.5,174,41,100,-0.54005
11323,282.76,175.38,37.762,92.102,-0.11497
11324,275.4,175.38,37.762,92.102,0.58933
11325,523.5,182,41,100,1.6427
11326,503.56,181.09,44.846,109.38,1.126
11327,245.98,175.38,37.762,92.102,1.3905
11328,462.69,170.4,49.058,119.65,1.0022
11329,434.03,170.4,49.058,119.65,1.1747
11330,414.93,170.4,49.058,119.65,1.5215
11331,386.27,170.4,49.058,119.65,1.2758
11332,345.75,181.09,44.846,109.38,1.4218
11333,290.75,170.4,49.058,119.65,-0.08889
11334,240.55,181.09,44.846,109.38,0.23743
11335,179.18,181.09,44.846,109.38,-0.18766
11373,508.06,169.03,26.452,64.516,-0.73777
11374,513.23,169.03,26.452,64.516,-0.73289
11383,495.11,165.15,24.322,59.321,-0.34131
11384,504.59,169.9,24.322,59.321,-0.24698
11385,518.39,163.87,26.452,64.516,-0.061928
11386,528.3,169.9,24.322,59.321,-0.16727
11388,552,169.9,24.322,59.321,0.58331
11389,557.52,162.35,28.991,70.709,-0.045501
11390,602.53,153.8,34.577,84.335,0.15382
11391,582.32,160.56,34.577,84.335,0.59344
11392,595.5,150,41,100,0.16964
11403,547.26,165.15,24.322,59.321,-0.23865
11404,561.48,165.15,24.322,59.321,-0.43213
11407,591.5,156.71,28.991,70.709,-0.44084
11424,557.52,162.35,28.991,70.709,-0.25747
11425,568.85,164.62,31.538,76.923,0.2259
11426,575.58,160.56,34.577,84.335,-0.16256
11467,550.16,143.48,53.647,130.85,-0.23458
11468,559.23,132.31,63.077,153.85,-0.65024
11536,219.5,118,41,100,-0.64335
11724,51.923,152.31,31.538,76.923,-0.42825
11725,39.615,152.31,31.538,76.923,-0.4288
11728,23.158,147.04,34.577,84.335,-0.67557
11736,-9,60,82,200,-0.74503
11737,555.5,118,41,100,-0.5427
11740,573.7,111.27,44.846,109.38,-0.41323
11742,586.87,103.2,49.058,119.65,-0.63975
11827,88.846,201.54,31.538,76.923,-0.51941
11828,150.38,201.54,31.538,76.923,-0.13426
11831,371.03,175.38,37.762,92.102,-0.32395
11913,495.11,179.41,24.322,59.321,-0.52175
11914,502.9,174.19,26.452,64.516,-0.44914
11915,512.21,173.65,28.991,70.709,-0.31134
11918,555.37,167.32,34.577,84.335,-0.45724
11920,595.5,166,41,100,-0.13468
12017,517.88,156.71,28.991,70.709,-0.66987
12021,528.3,165.15,24.322,59.321,-0.10962
12022,529.2,156.71,28.991,70.709,0.2445
12023,528.71,163.87,26.452,64.516,-0.25582
12024,528.71,163.87,26.452,64.516,0.04673
12025,529.2,162.35,28.991,70.709,-0.6264
12026,528.71,169.03,26.452,64.516,-0.44088
12027,528.71,169.03,26.452,64.516,-0.72497
12028,523.54,162.35,28.991,70.709,-0.54874
12030,528.71,169.03,26.452,64.516,-0.36157
12035,523.54,168,28.991,70.709,-0.47792
12042,518.39,174.19,26.452,64.516,-0.59713
12113,461.24,179.29,28.991,70.709,-0.38899
12114,461.24,179.29,28.991,70.709,-0.18286
12117,471.94,184.52,26.452,64.516,-0.67182
12120,485.63,174.65,24.322,59.321,-0.70375
12168,528.71,179.35,26.452,64.516,-0.60831
12169,523.5,174,41,100,0.017487
12170,525.52,175.38,37.762,92.102,-0.03627
12171,531.5,174,41,100,-0.0065009
12172,539.5,174,41,100,0.062533
12173,547.5,174,41,100,0.46786
12174,555.5,174,41,100,-0.030443
12175,563.5,174,41,100,0.80062
12176,571.5,174,41,100,1.4651
12177,579.5,174,41,100,0.34874
12178,586.87,160.8,49.058,119.65,1.0403
12179,596.42,160.8,49.058,119.65,-0.145
12219,523.56,179.41,24.322,59.321,-0.71372
12220,528.3,179.41,24.322,59.321,-0.68796
12221,513.46,164.62,31.538,76.923,-0.67003
12222,546.19,173.65,28.991,70.709,-0.035108
12223,563.19,173.65,28.991,70.709,0.095916
12294,38.904,163.64,44.846,109.38,-0.69665
12295,32.836,151.2,49.058,119.65,-0.74957
12297,13.731,151.2,49.058,119.65,-0.57517
12373,561.08,30,88.314,215.4,-0.34876
13057,-9,44,82,200,-0.45673
13077,599.41,165.15,24.322,59.321,-0.6738
13403,559.68,169.03,26.452,64.516,0.31662
13404,574.51,168,28.991,70.709,0.29958
13405,595.81,169.03,26.452,64.516,0.050794
13440,575.16,169.03,26.452,64.516,-0.46642
13441,591.5,168,28.991,70.709,-0.55744
13648,591.23,154.91,44.846,109.38,-0.68204
13650,547.26,165.15,24.322,59.321,-0.57632
14147,427.31,158.46,31.538,76.923,-0.54316
14233,459.5,158,41,100,-0.65727
14356,523.54,151.06,28.991,70.709,-0.69059
14760,564.84,189.68,26.452,64.516,-0.66184
14807,534.87,184.94,28.991,70.709,-0.48574
14808,538.08,183.08,31.538,76.923,-0.15866
14812,589.93,184.16,24.322,59.321,0.33606
14813,600.97,179.35,26.452,64.516,0.27152
14814,616.45,184.52,26.452,64.516,-0.044645
14817,600.97,184.52,26.452,64.516,0.51098
14851,75.5,118,41,100,-0.73728
14898,27.5,126,41,100,-0.74844
14972,509.33,188.91,24.322,59.321,-0.54948
14981,556.74,188.91,24.322,59.321,-0.50802
14988,585.19,184.16,24.322,59.321,-0.6188
14990,589.93,188.91,24.322,59.321,-0.29562
14995,599.41,188.91,24.322,59.321,-0.33634
14996,599.41,188.91,24.322,59.321,-0.24655
14999,599.41,188.91,24.322,59.321,-0.56065
15000,599.41,188.91,24.322,59.321,0.17635
15004,599.41,188.91,24.322,59.321,-0.28902
15018,599.41,188.91,24.322,59.321,-0.30251
15022,604.15,184.16,24.322,59.321,-0.3873
15027,611.29,184.52,26.452,64.516,-0.58476
15598,600.97,174.19,26.452,64.516,0.25657
15599,430.65,163.87,26.452,64.516,-0.67615
15600,432.92,162.35,28.991,70.709,0.45731
15602,438.58,162.35,28.991,70.709,-0.63758
15603,438.58,162.35,28.991,70.709,-0.21141
15604,440.84,153.8,34.577,84.335,-0.73975
16118,581.64,91.304,53.647,130.85,-0.52141
16119,581.64,91.304,53.647,130.85,-0.20093
16120,576.43,88.571,58.571,142.86,0.085408
16121,576.43,88.571,58.571,142.86,-0.025064
16122,576.43,88.571,58.571,142.86,-0.68682
16123,576.43,88.571,58.571,142.86,-0.55542
16137,542.52,174.65,24.322,59.321,0.58871
16138,547.26,169.9,24.322,59.321,-0.17942
16139,552,174.65,24.322,59.321,-0.42201
16140,552,174.65,24.322,59.321,-0.086653
16141,559.68,169.03,26.452,64.516,-0.54089
16142,561.48,174.65,24.322,59.321,-0.52675
16143,566.22,174.65,24.322,59.321,0.95584
16145,575.7,179.41,24.322,59.321,-0.268
16146,580.44,174.65,24.322,59.321,0.59803
16147,585.48,174.19,26.452,64.516,0.030989
16148,590.65,174.19,26.452,64.516,-0.06875
16149,591.5,173.65,28.991,70.709,0.25336
16150,600.97,174.19,26.452,64.516,0.6552
16151,606.13,174.19,26.452,64.516,-0.020025
16152,608.89,179.41,24.322,59.321,-0.11324
16153,611.29,174.19,26.452,64.516,-0.64157
16230,533.04,160.4,24.322,59.321,-0.43293
16231,542.52,160.4,24.322,59.321,-0.33394
16232,559.68,158.71,26.452,64.516,0.41711
16233,568.84,147.04,34.577,84.335,-0.38126
16414,502.9,158.71,26.452,64.516,-0.62458
16415,509.33,160.4,24.322,59.321,-0.50034
16416,518.39,153.55,26.452,64.516,0.03725
16417,528.71,148.39,26.452,64.516,-0.063913
16418,534.87,145.41,28.991,70.709,-0.11361
16419,546.19,145.41,28.991,70.709,-0.5097
16420,556.54,140,31.538,76.923,-0.10118
16421,568.84,133.52,34.577,84.335,-0.7311
16422,582.32,126.76,34.577,84.335,0.33872
16423,599.08,123.69,37.762,92.102,-0.014039
16432,487.42,132.9,26.452,64.516,-0.26743
16433,495.22,128.47,28.991,70.709,-0.4337
16434,533.04,136.63,24.322,59.321,0.24749
16435,539.5,118,41,100,-0.64058
16436,555.5,118,41,100,0.20616
16437,557.52,128.47,28.991,70.709,-0.65523
16438,568.85,128.47,28.991,70.709,-0.2714
16439,571.5,118,41,100,-0.39313
16440,579.5,134,41,100,0.85558
16443,596.42,122.4,49.058,119.65,-0.62123
16461,568.85,173.65,28.991,70.709,-0.70415
16494,595.5,134,41,100,-0.58465
16515,528.3,165.15,24.322,59.321,0.23362
16516,533.87,158.71,26.452,64.516,0.20166
16517,540.53,156.71,28.991,70.709,0.76967
16518,546.19,162.35,28.991,70.709,0.67292
16519,557.52,162.35,28.991,70.709,0.24121
16520,563.19,162.35,28.991,70.709,-0.18327
16521,575.58,160.56,34.577,84.335,0.49393
16522,589.05,153.8,34.577,84.335,0.3551
16523,599.08,145.85,37.762,92.102,-0.19081
16591,552,155.64,24.322,59.321,0.99627
16592,564.84,153.55,26.452,64.516,0.22204
16593,575.16,153.55,26.452,64.516,-0.49762
16594,590.65,153.55,26.452,64.516,-0.22119
16735,594.67,146.14,24.322,59.321,0.701
16736,613.63,146.14,24.322,59.321,-0.35589
16740,551.86,139.76,28.991,70.709,-0.45462
16753,98.761,179.29,28.991,70.709,-0.69815
16861,396.54,164.62,31.538,76.923,-0.0028518
16862,378.08,164.62,31.538,76.923,1.6115
16863,353.26,153.8,34.577,84.335,0.026141
16864,335,158.46,31.538,76.923,0.67034
16865,306.11,153.8,34.577,84.335,1.2357
16866,285.77,164.62,31.538,76.923,1.038
16867,255,158.46,31.538,76.923,0.12212
16868,225.26,160.56,34.577,84.335,0.46221
16869,191.58,153.8,34.577,84.335,0.095564
16870,164.63,153.8,34.577,84.335,0.15433
16871,242.69,158.46,31.538,76.923,-0.70458
16875,107.5,142,41,100,-0.32519
16876,75.5,142,41,100,-0.44828
16878,3.5,142,41,100,-0.51056
16933,2.6923,176.92,31.538,76.923,-0.65751
16943,38.387,179.35,26.452,64.516,-0.42679
16946,47.788,173.65,28.991,70.709,-0.38604
16951,53.871,179.35,26.452,64.516,-0.55354
16958,64.779,173.65,28.991,70.709,-0.53328
16959,64.194,174.19,26.452,64.516,-0.49212
16960,64.779,173.65,28.991,70.709,-0.72765
16965,74.516,174.19,26.452,64.516,-0.37964
16966,74.516,174.19,26.452,64.516,-0.63857
16969,77.926,179.41,24.322,59.321,-0.50052
17237,211.5,142,41,100,-0.69381
17238,205.05,147.04,34.577,84.335,-0.35229
17239,198.32,147.04,34.577,84.335,-0.24392
17240,187.13,145.85,37.762,92.102,1.2581
17241,163.5,142,41,100,-0.37692
17242,155.5,150,41,100,-0.0071996
17243,135.63,160.62,37.762,92.102,0.23371
17244,115.5,158,41,100,0.75518
17245,99.5,158,41,100,-0.23289
17246,83.5,158,41,100,0.037933
17247,65.205,163.64,44.846,109.38,0.7326
17248,47.671,163.64,44.846,109.38,0.35791
17249,35.5,166,41,100,0.046201
17250,13.731,160.8,49.058,119.65,1.1845
17251,4.1791,160.8,49.058,119.65,0.24555
17489,517.88,162.35,28.991,70.709,-0.62021
17490,535.16,153.8,34.577,84.335,-0.65014
17492,571.5,150,41,100,0.80668
17660,9.6842,194.37,34.577,84.335,-0.74477
17733,2.2581,189.68,26.452,64.516,-0.077424
17734,2.6923,183.08,31.538,76.923,0.39289
17735,8.8462,176.92,31.538,76.923,0.48269
17736,13.805,184.94,28.991,70.709,1.5461
17737,21.154,176.92,31.538,76.923,2.0922
17738,27.308,176.92,31.538,76.923,1.7655
17739,39.615,176.92,31.538,76.923,2.9651
17740,45.769,176.92,31.538,76.923,2.2282
17741,56.842,174.08,34.577,84.335,1.1498
17742,70.442,184.94,28.991,70.709,1.3319
17743,76.538,176.92,31.538,76.923,1.9706
17744,88.846,176.92,31.538,76.923,1.0877
17745,95,176.92,31.538,76.923,2.1638
17746,107.31,176.92,31.538,76.923,2.0162
17747,120.97,184.52,26.452,64.516,0.62472
17750,144.23,176.92,31.538,76.923,0.94474
17751,155.4,179.29,28.991,70.709,1.5411
17752,168.85,176.92,31.538,76.923,0.85621
17753,178.05,179.29,28.991,70.709,0.87026
17754,187.31,176.92,31.538,76.923,1.1479
17755,191.58,167.32,34.577,84.335,1.0354
17756,8.8462,176.92,31.538,76.923,0.76354
17757,21.154,176.92,31.538,76.923,1.1909
17758,27.308,176.92,31.538,76.923,0.51399
17759,36.46,179.29,28.991,70.709,1.1652
17760,245.47,167.32,34.577,84.335,0.73193
17761,51.923,176.92,31.538,76.923,0.62422
17762,64.231,176.92,31.538,76.923,1.3943
17763,280,179.29,28.991,70.709,0.66804
17764,81.77,179.29,28.991,70.709,-0.35701
17765,298.08,170.77,31.538,76.923,0.20582
17766,306.11,167.32,34.577,84.335,0.34462
17767,319.54,160.62,37.762,92.102,-0.12284
17768,330.97,173.65,28.991,70.709,0.3796
17769,333.05,167.32,34.577,84.335,0.50994
17770,347.31,170.77,31.538,76.923,-0.50804
17771,359.62,176.92,31.538,76.923,0.38357
17772,373.47,167.32,34.577,84.335,0.76405
17773,384.19,179.35,26.452,64.516,-0.027992
17774,393.27,179.29,28.991,70.709,0.071196
17775,404.84,179.35,26.452,64.516,-0.20867
17776,408.85,170.77,31.538,76.923,0.21742
17777,425.48,179.35,26.452,64.516,0.55909
17778,432.92,179.29,28.991,70.709,0.67246
17779,439.62,170.77,31.538,76.923,0.87849
17780,449.91,179.29,28.991,70.709,0.01428
17781,454.32,167.32,34.577,84.335,0.85063
17782,461.05,167.32,34.577,84.335,-0.20802
17783,483.89,179.29,28.991,70.709,0.054886
17784,488.85,170.77,31.538,76.923,0.38905
17787,292.63,167.32,34.577,84.335,0.66189
17788,304.23,170.77,31.538,76.923,-0.080232
17789,312.84,167.32,34.577,84.335,-0.011841
17790,319.58,167.32,34.577,84.335,0.35848
17792,339.79,167.32,34.577,84.335,-0.025545
17793,348.97,160.62,37.762,92.102,0.097451
17794,356.32,160.62,37.762,92.102,0.16055
17798,393.68,167.32,34.577,84.335,-0.58374
17802,433.46,170.77,31.538,76.923,-0.67456
17803,440.84,167.32,34.577,84.335,-0.40295
17804,444.6,160.62,37.762,92.102,-0.6785
17814,528.42,174.08,34.577,84.335,0.20256
17815,538.08,176.92,31.538,76.923,1.0538
17816,541.89,174.08,34.577,84.335,-0.51646
17817,550.38,176.92,31.538,76.923,-0.27294
17818,562.69,176.92,31.538,76.923,-0.38521
17821,582.32,174.08,34.577,84.335,-0.0093804
17822,582.32,174.08,34.577,84.335,0.21294
17823,589.05,174.08,34.577,84.335,-0.034131
17824,593.46,176.92,31.538,76.923,0.80387
17825,593.46,176.92,31.538,76.923,0.42568
17826,593.46,176.92,31.538,76.923,0.39595
17827,595.79,174.08,34.577,84.335,-0.17813
17828,593.46,176.92,31.538,76.923,0.0686
17829,595.79,174.08,34.577,84.335,-0.16925
17835,591.72,168,37.762,92.102,-0.52039
17836,595.79,174.08,34.577,84.335,0.035841
17837,595.79,174.08,34.577,84.335,0.39777
17838,595.79,174.08,34.577,84.335,0.55767
17839,595.79,174.08,34.577,84.335,-0.07097
17840,595.79,174.08,34.577,84.335,0.37582
17841,595.79,174.08,34.577,84.335,0.15162
17842,595.79,174.08,34.577,84.335,-0.028352
17845,595.79,174.08,34.577,84.335,-0.035401
17846,599.62,176.92,31.538,76.923,-0.14584
17847,593.46,176.92,31.538,76.923,-0.13492
17848,593.46,176.92,31.538,76.923,-0.37968
17849,593.46,176.92,31.538,76.923,-0.054276
17850,593.46,176.92,31.538,76.923,0.43803
17851,593.46,176.92,31.538,76.923,-0.063415
17852,593.46,176.92,31.538,76.923,-0.11368
17853,595.79,174.08,34.577,84.335,0.15391
17854,593.46,176.92,31.538,76.923,0.30719
17855,593.46,176.92,31.538,76.923,0.79518
17860,599.62,176.92,31.538,76.923,-0.2552
17861,602.83,173.65,28.991,70.709,-0.39574
17862,599.62,176.92,31.538,76.923,-0.45509
17863,599.62,176.92,31.538,76.923,-0.25747
17864,595.79,174.08,34.577,84.335,-0.277
17865,597.17,179.29,28.991,70.709,-0.028153
17866,595.79,174.08,34.577,84.335,0.017096
17867,595.79,174.08,34.577,84.335,-0.013799
17868,595.79,174.08,34.577,84.335,-0.34087
17869,595.79,174.08,34.577,84.335,-0.09404
17870,595.79,174.08,34.577,84.335,0.10679
17871,595.79,174.08,34.577,84.335,0.10603
17872,599.62,176.92,31.538,76.923,-0.15681
17873,595.79,174.08,34.577,84.335,0.41128
17879,595.79,174.08,34.577,84.335,-0.20778
17880,595.79,174.08,34.577,84.335,-0.11806
17881,602.83,179.29,28.991,70.709,-0.14231
17882,595.79,174.08,34.577,84.335,-0.36061
17883,595.5,166,41,100,-0.26367
17884,595.79,174.08,34.577,84.335,-0.36124
17885,597.17,179.29,28.991,70.709,-0.48101
17886,595.79,174.08,34.577,84.335,-0.40077
17887,602.83,173.65,28.991,70.709,-0.57673
17888,599.62,176.92,31.538,76.923,-0.71026
17890,599.62,176.92,31.538,76.923,-0.27177
17891,599.62,176.92,31.538,76.923,-0.37948
17892,599.62,170.77,31.538,76.923,-0.48885
17893,595.79,174.08,34.577,84.335,-0.34502
17894,599.62,176.92,31.538,76.923,-0.34327
17895,599.62,176.92,31.538,76.923,-0.1768
17896,599.62,176.92,31.538,76.923,-0.42041
17897,595.79,174.08,34.577,84.335,-0.55244
17898,595.79,174.08,34.577,84.335,-0.51032
17899,595.79,174.08,34.577,84.335,-0.65027
17904,602.83,173.65,28.991,70.709,-0.60112
17905,595.79,174.08,34.577,84.335,-0.61926
17906,595.79,174.08,34.577,84.335,-0.57571
17907,595.79,174.08,34.577,84.335,0.077402
17908,597.17,179.29,28.991,70.709,-0.17476
17909,593.46,176.92,31.538,76.923,-0.21174
17910,595.79,174.08,34.577,84.335,-0.17503
17911,599.62,176.92,31.538,76.923,-0.3796
17912,595.79,174.08,34.577,84.335,-0.46385
17913,595.79,174.08,34.577,84.335,-0.45147
17914,595.79,174.08,34.577,84.335,-0.31552
17915,595.79,174.08,34.577,84.335,-0.57195
17916,599.62,176.92,31.538,76.923,-0.0087117
17917,599.62,176.92,31.538,76.923,-0.054743
17918,599.62,176.92,31.538,76.923,-0.44125
17919,595.79,174.08,34.577,84.335,-0.11574
17920,595.79,174.08,34.577,84.335,0.053549
17921,595.79,174.08,34.577,84.335,-0.093019
17922,599.08,168,37.762,92.102,0.0030848
17923,599.08,168,37.762,92.102,-0.052706
17924,599.62,176.92,31.538,76.923,0.0032478
17925,599.62,176.92,31.538,76.923,0.015027
17926,599.62,176.92,31.538,76.923,-0.27435
17927,599.62,176.92,31.538,76.923,-0.02063
17928,599.62,176.92,31.538,76.923,0.25332
17929,599.62,176.92,31.538,76.923,-0.1724
17930,599.62,176.92,31.538,76.923,-0.099161
17931,599.62,176.92,31.538,76.923,-0.10149
17932,599.62,176.92,31.538,76.923,0.052238
17933,599.62,176.92,31.538,76.923,-0.1128
17934,599.62,176.92,31.538,76.923,0.12422
17935,599.08,168,37.762,92.102,-0.15326
17936,595.79,174.08,34.577,84.335,-0.30353
17937,595.79,174.08,34.577,84.335,-0.41642
17938,595.79,174.08,34.577,84.335,-0.44696
17939,595.79,174.08,34.577,84.335,-0.47878
17940,599.08,168,37.762,92.102,-0.092803
17941,595.79,174.08,34.577,84.335,0.20682
17942,595.79,174.08,34.577,84.335,0.70019
17943,595.79,174.08,34.577,84.335,0.7998
17944,599.08,168,37.762,92.102,0.27709
17945,595.79,174.08,34.577,84.335,0.51542
17946,599.08,168,37.762,92.102,0.51329
17947,595.79,174.08,34.577,84.335,0.54352
17948,595.79,174.08,34.577,84.335,0.59267
17949,595.79,174.08,34.577,84.335,0.24382
17950,595.79,174.08,34.577,84.335,0.21181
17951,595.79,174.08,34.577,84.335,0.45464
17952,595.79,174.08,34.577,84.335,0.28245
17953,595.79,174.08,34.577,84.335,0.22226
17954,599.08,168,37.762,92.102,-0.48812
17959,602.53,174.08,34.577,84.335,-0.23021
17960,599.08,168,37.762,92.102,0.29973
17961,602.53,174.08,34.577,84.335,0.14984
17962,602.53,174.08,34.577,84.335,-0.038102
17963,602.53,174.08,34.577,84.335,0.49089
17964,605.77,176.92,31.538,76.923,-0.35363
17965,609.26,167.32,34.577,84.335,0.091133
17966,602.53,174.08,34.577,84.335,-0.33372
17967,609.26,174.08,34.577,84.335,-0.63471
17968,606.44,168,37.762,92.102,-0.15447
17969,602.53,174.08,34.577,84.335,-0.14957
18261,473.08,193.85,63.077,153.85,-0.58465
18264,473.57,202.86,58.571,142.86,-0.70199
18266,17.692,193.85,63.077,153.85,-0.44862
18278,123.5,206,41,100,-0.31693
18279,131.5,206,41,100,-0.49509
18283,422.53,204.92,37.762,92.102,-0.29167
18285,157.89,201.13,34.577,84.335,-0.57676
18286,434.11,207.89,34.577,84.335,-0.5743
18288,163.5,198,41,100,-0.58484
18292,179.5,190,41,100,-0.50868
18293,187.13,197.54,37.762,92.102,-0.74957
18301,272.42,201.13,34.577,84.335,-0.68606
18311,477.1,189.68,26.452,64.516,-0.69052
18773,579.5,158,41,100,-0.57663
18774,338.67,179.41,24.322,59.321,-0.082552
18775,337.74,174.19,26.452,64.516,0.087638
18776,337.74,174.19,26.452,64.516,0.10015
18777,337.74,174.19,26.452,64.516,0.78912
18778,336.64,173.65,28.991,70.709,-0.0027852
18779,336.64,173.65,28.991,70.709,-0.15723
18791,341.61,160.62,37.762,92.102,-0.46871
18792,385.75,153.23,37.762,92.102,-0.43873
18793,341.61,153.23,37.762,92.102,-0.72392
18794,339.79,160.56,34.577,84.335,-0.30066
18795,330.97,173.65,28.991,70.709,-0.30527
18796,319.58,167.32,34.577,84.335,0.3808
18797,297.47,160.62,37.762,92.102,0.61663
18798,275.5,158,41,100,-0.31757
18799,243.5,158,41,100,-0.18584
18800,203.5,158,41,100,0.59163
18801,223.01,154.91,44.846,109.38,0.24551
18802,109.25,151.2,49.058,119.65,0.038583
18803,56.438,163.64,44.846,109.38,-0.48755
19328,528.3,150.89,24.322,59.321,-0.67179
19333,518.81,146.14,24.322,59.321,0.55935
19337,502.9,148.39,26.452,64.516,0.81804
19339,490.37,150.89,24.322,59.321,-0.48915
19342,576.43,145.71,58.571,142.86,-0.21231
19343,560.66,153.91,53.647,130.85,0.68268
19344,548.66,170.4,49.058,119.65,-0.21407
19345,522.31,144.62,63.077,153.85,0.56312
19346,512.5,130,68.333,166.67,0.46761
19363,190,144.62,63.077,153.85,-0.65142
19364,176.43,145.71,58.571,142.86,0.41116
19365,165,145.71,58.571,142.86,0.68622
19366,142.14,157.14,58.571,142.86,0.32133
19367,116.15,144.62,63.077,153.85,0.10133
19368,107.86,145.71,58.571,142.86,1.2064
19369,96.429,157.14,58.571,142.86,1.2109
19370,78.033,164.35,53.647,130.85,1.0206
19371,50.714,157.14,58.571,142.86,1.4018
19372,39.286,157.14,58.571,142.86,2.0995
19373,25.574,164.35,53.647,130.85,0.79058
19374,5,157.14,58.571,142.86,0.21842
19375,-6.4286,157.14,58.571,142.86,0.087041
20227,570.96,169.9,24.322,59.321,-0.37862
20331,415.16,184.52,26.452,64.516,-0.73786
20332,415.93,184.94,28.991,70.709,-0.42794
20335,427.26,184.94,28.991,70.709,-0.60959
20341,451.95,175.38,37.762,92.102,-0.23237
20343,467.5,166,41,100,-0.054503
20344,475.5,166,41,100,0.32028
20345,483.5,166,41,100,0.92776
20346,499.5,166,41,100,0.78163
20347,503.56,163.64,44.846,109.38,0.17112
20348,512.33,163.64,44.846,109.38,-0.43054
20349,529.55,151.2,49.058,119.65,-0.2311
20350,539.67,153.91,53.647,130.85,0.059708
20351,560.66,143.48,53.647,130.85,0.17186
20352,581.64,143.48,53.647,130.85,-0.31284
20443,458.08,170.77,31.538,76.923,0.078563
20444,458.08,170.77,31.538,76.923,0.17617
20445,451.29,179.35,26.452,64.516,-0.35205
20453,433.48,184.16,24.322,59.321,-0.1073
20454,428.74,184.16,24.322,59.321,-0.41968
20455,405.04,184.16,24.322,59.321,0.28594
20459,409.78,188.91,24.322,59.321,0.16539
20460,409.78,188.91,24.322,59.321,0.33204
20461,405.04,188.91,24.322,59.321,-0.087326
20463,394.52,184.52,26.452,64.516,0.37243
20469,363.55,184.52,26.452,64.516,-0.28493
20470,362.37,184.16,24.322,59.321,0.5205
20471,363.55,184.52,26.452,64.516,0.14102
20474,358.39,184.52,26.452,64.516,-0.2981
20476,358.39,184.52,26.452,64.516,-0.34339
20477,363.55,184.52,26.452,64.516,0.066711
20478,358.39,184.52,26.452,64.516,-0.070713
20480,357.63,184.16,24.322,59.321,-0.20497
20482,353.23,184.52,26.452,64.516,-0.56321
20754,28.065,179.35,26.452,64.516,-0.60666
20755,16.296,179.41,24.322,59.321,-0.39602
20806,235.5,150,41,100,-0.74424
20812,245.47,167.32,34.577,84.335,-0.69646
20813,245.47,167.32,34.577,84.335,-0.58309
20816,235.5,158,41,100,-0.54898
20817,235.5,158,41,100,-0.62702
20819,245.47,167.32,34.577,84.335,-0.72402
20883,240.55,154.91,44.846,109.38,-0.6675
20888,245.98,168,37.762,92.102,-0.72861
21748,483.5,198,41,100,-0.73962
22234,586.87,160.8,49.058,119.65,-0.72678
22422,357.63,179.41,24.322,59.321,0.2724
22423,358.39,174.19,26.452,64.516,0.78499
22424,363.55,174.19,26.452,64.516,-0.10032
22425,368.71,179.35,26.452,64.516,-0.21669
22426,376.28,173.65,28.991,70.709,0.47281
22427,390.38,176.92,31.538,76.923,0.98521
22428,395.5,166,41,100,0.78156
22429,407.12,163.64,44.846,109.38,0.11358
22430,424.48,160.8,49.058,119.65,0.51276
22431,427.86,157.14,58.571,142.86,0.32025
22432,460.77,156.92,63.077,153.85,0.47057
22433,503,140,82,200,1.1894
22826,447.7,169.9,24.322,59.321,-0.27673
22827,447.7,169.9,24.322,59.321,-0.043103
22828,446.13,163.87,26.452,64.516,-0.34924
22829,451.92,158.46,31.538,76.923,0.25668
22830,461.05,153.8,34.577,84.335,0.34708
22831,466.67,145.85,37.762,92.102,-0.10948
22832,476.54,158.46,31.538,76.923,0.40008
22833,491.5,142,41,100,-0.044203
22834,499.5,142,41,100,0.5101
22835,515.5,142,41,100,-0.32682
22836,342.9,169.03,26.452,64.516,0.39768
22837,347.96,168,28.991,70.709,0.80829
22838,353.63,162.35,28.991,70.709,0.098886
22839,359.62,164.62,31.538,76.923,0.81585
22841,363.68,153.23,37.762,92.102,-0.35046
22842,371.5,150,41,100,0.14304
22843,434.11,160.56,34.577,84.335,0.59001
22844,435.5,158,41,100,-0.055121
22845,450.96,146.18,44.846,109.38,-0.042625
22846,459.73,154.91,44.846,109.38,-0.44861
22847,466.23,143.48,53.647,130.85,-0.26468
22848,485,134.29,58.571,142.86,-0.081489
22849,496.43,145.71,58.571,142.86,0.44363
22850,512.5,130,68.333,166.67,-0.53157
22851,530,127.27,74.545,181.82,0.49451
22852,567,124,82,200,-0.39968
22985,404.6,173.65,28.991,70.709,-0.47047
22986,421.59,173.65,28.991,70.709,-0.46723
22988,467.79,167.32,34.577,84.335,-0.45059
22989,500.88,173.65,28.991,70.709,-0.5488
22991,532.87,160.62,37.762,92.102,-0.18585
22992,455.58,173.65,28.991,70.709,0.29375
22993,576.43,111.43,58.571,142.86,-0.42922
22994,595.5,158,41,100,-0.20841
22995,508.21,167.32,34.577,84.335,0.63646
22996,529.2,168,28.991,70.709,-0.30574
22997,547.59,160.62,37.762,92.102,-0.34469
22998,131.5,158,41,100,0.2374
22999,579.5,158,41,100,0.84925
23000,595.5,166,41,100,0.23525
23131,101.15,195.38,31.538,76.923,-0.24496
23132,88.846,201.54,31.538,76.923,0.43157
23134,42.388,170.4,49.058,119.65,0.60332
23135,19.5,190,41,100,0.45438
23254,509.33,179.41,24.322,59.321,0.62462
23256,537.78,184.16,24.322,59.321,0.34764
23257,554.52,179.35,26.452,64.516,-0.49801
23258,575,176.92,31.538,76.923,0.16184
23259,597.17,173.65,28.991,70.709,0.66753
23262,528.71,169.03,26.452,64.516,0.031849
23263,544.19,169.03,26.452,64.516,-0.32764
23264,556.54,164.62,31.538,76.923,-0.39745
23266,595.79,160.56,34.577,84.335,-0.32777
23313,358.39,169.03,26.452,64.516,0.22143
23314,353.23,169.03,26.452,64.516,0.20811
23315,348.15,174.65,24.322,59.321,0.15895
23316,347.31,164.62,31.538,76.923,-0.20178
23317,336.64,168,28.991,70.709,0.14236
23318,332.58,174.19,26.452,64.516,0.67269
23319,327.42,174.19,26.452,64.516,0.063867
23320,313.98,168,28.991,70.709,0.25061
23321,298.08,170.77,31.538,76.923,0.11373
23323,363.55,174.19,26.452,64.516,0.17188
23324,248.85,176.92,31.538,76.923,0.56174
23325,230.38,176.92,31.538,76.923,0.51851
23326,367.11,179.41,24.322,59.321,0.33423
23327,172.39,179.29,28.991,70.709,1.4405
23328,138.41,179.29,28.991,70.709,0.9999
23329,98.761,184.94,28.991,70.709,0.63006
23330,45.769,183.08,31.538,76.923,0.51381
23331,76.106,190.59,28.991,70.709,0.72041
23332,15,189.23,31.538,76.923,0.10474
23359,564.84,179.35,26.452,64.516,-0.2351
23360,533.04,184.16,24.322,59.321,-0.51393
23363,585.48,179.35,26.452,64.516,-0.18912
23364,606.13,174.19,26.452,64.516,-0.43735
23370,512.21,168,28.991,70.709,-0.38707
23371,538.08,164.62,31.538,76.923,0.26485
23372,571.5,150,41,100,0.96368
23501,11.667,126.67,136.67,333.33,-0.65265
23503,88,120,130.47,318.22,0.56985
23504,91.667,126.67,136.67,333.33,0.27613
23505,139.2,145.26,130.47,318.22,0.21005
23506,171.67,126.67,136.67,333.33,0.29938
23507,78,88,164,400,-0.29283
23508,238,88,164,400,0.2461
23509,165.71,112.5,155.16,378.43,0.41099
23510,318.1,112.5,155.16,378.43,0.74074
23511,366,88,164,400,0.46092
23512,409.52,112.5,155.16,378.43,0.93049
23513,470.48,112.5,155.16,378.43,0.67129
23514,379.05,112.5,155.16,378.43,0.02748
23515,409.52,112.5,155.16,378.43,0.49409
23516,440,112.5,155.16,378.43,1.665
23517,470.48,112.5,155.16,378.43,1.3613
23518,500.95,112.5,155.16,378.43,0.026321
23551,389.35,179.35,26.452,64.516,-0.42488
23564,476.15,184.16,24.322,59.321,0.50861
23565,482.26,184.52,26.452,64.516,0.56686
23566,482.26,184.52,26.452,64.516,1.818
23567,485.63,188.91,24.322,59.321,1.9421
23568,487.42,184.52,26.452,64.516,1.1938
23569,492.58,184.52,26.452,64.516,1.1985
23570,495.11,188.91,24.322,59.321,0.077766
23571,497.74,184.52,26.452,64.516,1.9582
23572,502.9,184.52,26.452,64.516,1.1509
23573,506.55,179.29,28.991,70.709,0.91391
23574,513.46,176.92,31.538,76.923,1.1291
23575,519.62,176.92,31.538,76.923,1.0732
23576,525.77,176.92,31.538,76.923,0.15971
23577,535.16,174.08,34.577,84.335,1.1301
23578,548.63,174.08,34.577,84.335,0.7363
23579,563.19,179.29,28.991,70.709,0.87817
23580,575,183.08,31.538,76.923,0.75445
23581,587.31,183.08,31.538,76.923,0.2336
23582,599.08,175.38,37.762,92.102,1.1283
23639,215.41,179.41,24.322,59.321,-0.6063
23644,230.38,170.77,31.538,76.923,-0.62312
23645,224.23,170.77,31.538,76.923,-0.73581
23646,229.63,184.16,24.322,59.321,-0.68928
23647,224.19,179.35,26.452,64.516,-0.46372
23648,213.87,179.35,26.452,64.516,-0.42443
23651,144.42,167.32,34.577,84.335,0.10061
23652,115.75,184.94,28.991,70.709,-0.24675
23653,77.053,174.08,34.577,84.335,-0.45362
23654,42.124,184.94,28.991,70.709,-0.21531
23657,567.76,132,49.058,119.65,-0.23207
23658,519.29,122.86,58.571,142.86,-0.2919
23659,473.57,122.86,58.571,142.86,-0.59897
23662,312.5,116.67,68.333,166.67,-0.55351
23666,39,124,82,200,-0.45388
23696,267.56,184.16,24.322,59.321,-0.59682
23697,255.16,179.35,26.452,64.516,-0.43766
23698,244.84,184.52,26.452,64.516,-0.39637
23699,229.35,184.52,26.452,64.516,-0.5473
23701,200.71,184.94,28.991,70.709,-0.31381
23702,183.72,184.94,28.991,70.709,0.086188
23703,163.5,166,41,100,-0.35089
23704,156.54,183.08,31.538,76.923,1.4957
23705,135.63,175.38,37.762,92.102,0.16181
23706,119.62,189.23,31.538,76.923,-0.51722
23707,104,187.61,34.577,84.335,-0.089512
23708,83.789,187.61,34.577,84.335,0.39455
23710,35.5,182,41,100,-0.63926
23711,3.5,182,41,100,-0.54924
23737,514.07,193.66,24.322,59.321,-0.50494
23738,523.56,193.66,24.322,59.321,0.54206
23739,537.78,193.66,24.322,59.321,0.5734
23740,544.19,189.68,26.452,64.516,-0.54643
23741,574.51,184.94,28.991,70.709,-0.46918
23743,348.15,184.16,24.322,59.321,-0.65654
23744,352.89,184.16,24.322,59.321,0.087198
23745,352.89,184.16,24.322,59.321,-0.035553
23746,362.37,184.16,24.322,59.321,-0.084286
23749,384.19,179.35,26.452,64.516,0.097507
23750,393.27,179.29,28.991,70.709,0.37348
23751,400.42,174.08,34.577,84.335,-0.07185
23772,613.63,179.41,24.322,59.321,-0.66681
23773,611.29,179.35,26.452,64.516,-0.66096
23774,611.92,176.92,31.538,76.923,-0.65776
23795,106.37,169.9,24.322,59.321,-0.67591
23816,576.43,88.571,58.571,142.86,-0.57372
23835,184.84,153.8,34.577,84.335,-0.69229
23842,91.494,153.23,37.762,92.102,-0.61394
23843,226.92,95.385,63.077,153.85,-0.60034
23849,190,95.385,63.077,153.85,-0.5243
23855,551.52,129.6,98.974,241.4,-0.29592
23856,532.12,129.6,98.974,241.4,1.8068
23857,473.94,129.6,98.974,241.4,1.4954
23858,435.15,129.6,98.974,241.4,1.2937
23859,376.97,129.6,98.974,241.4,0.72237
23860,307.14,108.57,117.14,285.71,0.8192
23861,241.21,129.6,98.974,241.4,2.0489
23862,163.64,129.6,98.974,241.4,0.94315
23863,78.571,108.57,117.14,285.71,0.95385
23864,124.85,129.6,98.974,241.4,0.50106
23865,24.865,150,88.314,215.4,-0.039432
23930,449.91,173.65,28.991,70.709,-0.19526
23931,455.58,173.65,28.991,70.709,0.91046
23932,455.58,173.65,28.991,70.709,-0.38033
23933,455.58,173.65,28.991,70.709,0.76899
23934,455.58,173.65,28.991,70.709,0.31858
23935,455.58,173.65,28.991,70.709,0.11469
23936,455.58,173.65,28.991,70.709,0.42478
23950,442.96,184.16,24.322,59.321,-0.46204
23951,442.96,184.16,24.322,59.321,0.17186
23952,466.9,173.65,28.991,70.709,-0.12239
23953,466.9,173.65,28.991,70.709,-0.67962
23958,467.79,167.32,34.577,84.335,-0.66844
23961,467.79,167.32,34.577,84.335,-0.49736
23963,438.22,188.91,24.322,59.321,-0.42781
23964,466.67,160.62,37.762,92.102,-0.63598
23965,433.48,188.91,24.322,59.321,0.15769
23966,459.31,168,37.762,92.102,-0.093835
23967,425.48,189.68,26.452,64.516,0.021144
23968,421.59,184.94,28.991,70.709,-0.010754
23969,421.59,184.94,28.991,70.709,-0.27714
23970,415,183.08,31.538,76.923,0.28078
23971,415,183.08,31.538,76.923,-0.059823
23972,410.27,190.59,28.991,70.709,0.31918
23973,410,194.84,26.452,64.516,1.0785
23974,451.95,175.38,37.762,92.102,0.10802
23975,451.95,175.38,37.762,92.102,0.25204
23976,451.95,175.38,37.762,92.102,0.45459
23977,404.6,190.59,28.991,70.709,0.29542
23978,398.94,196.24,28.991,70.709,-0.42878
23979,400.42,187.61,34.577,84.335,0.45528
23980,400.42,187.61,34.577,84.335,0.78492
23981,400.42,187.61,34.577,84.335,0.92299
23982,451.5,174,41,100,-0.20593
23983,459.5,174,41,100,0.99229
23984,459.5,174,41,100,0.91837
23985,459.5,174,41,100,1.523
23986,459.5,174,41,100,1.0992
23987,467.5,174,41,100,1.3247
23988,467.5,174,41,100,0.62487
23989,475.5,174,41,100,1.0219
23990,395.5,182,41,100,0.68676
23991,395.5,182,41,100,0.83252
23992,395.5,182,41,100,1.0505
23993,395.5,182,41,100,0.95408
23994,393.1,190.15,37.762,92.102,-0.18414
23995,512.33,172.36,44.846,109.38,1.2513
23996,395.5,182,41,100,1.661
23997,518.69,164.35,53.647,130.85,1.3822
23998,529.55,170.4,49.058,119.65,0.93023
23999,529.18,164.35,53.647,130.85,1.0776
24000,398.36,181.09,44.846,109.38,1.0584
24001,395.82,170.4,49.058,119.65,2.0417
24002,558.21,170.4,49.058,119.65,1.316
24003,398.36,181.09,44.846,109.38,1.6991
24004,560.66,164.35,53.647,130.85,1.3151
24005,405.37,170.4,49.058,119.65,1.4491
24006,405.37,170.4,49.058,119.65,2.2792
24007,405.37,180,49.058,119.65,1.9295
24008,407.12,181.09,44.846,109.38,1.4343
24009,415.89,181.09,44.846,109.38,1.7446
24010,414.93,180,49.058,119.65,1.7265
24011,414.93,180,49.058,119.65,1.3174
24012,424.48,180,49.058,119.65,1.2351
24013,424.26,174.78,53.647,130.85,1.2209
24014,424.26,174.78,53.647,130.85,1.405
24015,424.26,174.78,53.647,130.85,0.85196
24016,424.26,174.78,53.647,130.85,0.87805
24017,427.86,168.57,58.571,142.86,1.1176
24018,434.03,189.6,49.058,119.65,0.88825
24019,551,140,82,200,1.5074
24020,439.29,168.57,58.571,142.86,1.0847
24021,544.55,141.82,74.545,181.82,1.1022
24022,544.55,141.82,74.545,181.82,1.7298
24023,448.46,169.23,63.077,153.85,0.66654
24024,450.71,180,58.571,142.86,1.1845
24025,462.14,180,58.571,142.86,1.1741
24026,457.27,156.36,74.545,181.82,0.19361
24027,472.5,170,68.333,166.67,1.2676
24028,576.43,180,58.571,142.86,0.84184
24029,565,168.57,58.571,142.86,1.9409
24030,487,156,82,200,0.423
24031,553.57,168.57,58.571,142.86,0.96987
24032,519,156,82,200,0.78141
24033,519,156,82,200,1.6817
24034,535,156,82,200,1.7618
24035,543.78,150,88.314,215.4,1.0468
24036,507.86,168.57,58.571,142.86,1.0977
24037,507.86,168.57,58.571,142.86,1.6774
24038,497.7,174.78,53.647,130.85,2.6872
24039,497.7,164.35,53.647,130.85,1.1867
24040,487.21,174.78,53.647,130.85,1.6366
24041,544.55,141.82,74.545,181.82,1.3136
24042,539.17,143.33,68.333,166.67,1.2911
24043,466.23,174.78,53.647,130.85,1.192
24044,455.74,174.78,53.647,130.85,0.96457
24045,445.25,174.78,53.647,130.85,0.95441
24046,519.29,180,58.571,142.86,0.82819
24047,434.75,174.78,53.647,130.85,1.1137
24048,434.03,180,49.058,119.65,1.9576
24049,424.48,180,49.058,119.65,1.4491
24050,413.77,174.78,53.647,130.85,0.8256
24051,405.37,180,49.058,119.65,1.8271
24052,473.57,157.14,58.571,142.86,0.79906
24053,462.14,157.14,58.571,142.86,1.5245
24054,450.71,157.14,58.571,142.86,1.6846
24055,371.8,174.78,53.647,130.85,1.6877
24056,350.82,174.78,53.647,130.85,1.6546
24057,329.84,174.78,53.647,130.85,1.9288
24058,195.5,198,41,100,0.89301
24059,382.3,174.78,53.647,130.85,1.2033
24060,203.93,174.78,53.647,130.85,1.9891
24061,140.98,174.78,53.647,130.85,2.1978
24062,67.541,174.78,53.647,130.85,1.4946
24063,165.38,156.92,63.077,153.85,0.33642
24079,544.19,189.68,26.452,64.516,-0.57258
24081,551.86,184.94,28.991,70.709,-0.3141
24082,554.94,175.38,37.762,92.102,-0.27659
24083,563.5,174,41,100,-0.15421
24084,584.37,175.38,37.762,92.102,-0.0025641
24085,603.5,174,41,100,-0.39473
24120,44.741,193.66,24.322,59.321,0.7484
24121,30.519,193.66,24.322,59.321,1.0815
24122,17.742,194.84,26.452,64.516,-0.092107
24123,7.4194,194.84,26.452,64.516,-0.51547
24125,531.92,176.92,31.538,76.923,-0.24495
24126,550.38,183.08,31.538,76.923,-0.53133
24127,562.69,183.08,31.538,76.923,-0.68984
24132,149.73,173.65,28.991,70.709,0.14918
24133,153.78,179.41,24.322,59.321,0.58728
24134,157.1,174.19,26.452,64.516,-0.026103
24135,156.54,164.62,31.538,76.923,0.30198
24136,162.69,164.62,31.538,76.923,0.75552
24137,168.85,164.62,31.538,76.923,0.2652
24138,175,164.62,31.538,76.923,1.169
24139,181.15,164.62,31.538,76.923,1.493
24140,184.84,160.56,34.577,84.335,0.8823
24141,191.58,160.56,34.577,84.335,-0.43195
24142,194.48,160.62,37.762,92.102,1.4143
24143,205.05,167.32,34.577,84.335,0.29493
24144,211.5,158,41,100,0.29707
24145,225.26,167.32,34.577,84.335,1.2927
24146,231.26,160.62,37.762,92.102,0.64696
24147,245.98,160.62,37.762,92.102,-0.30114
24148,251.5,158,41,100,0.95792
24149,259.5,158,41,100,0.23715
24150,266.85,154.91,44.846,109.38,1.095
24151,508.06,163.87,26.452,64.516,0.51761
24152,291.5,158,41,100,0.73487
24153,301.92,154.91,44.846,109.38,0.37596
24154,310.68,154.91,44.846,109.38,0.84823
24155,328.22,154.91,44.846,109.38,0.7865
24156,338.51,151.2,49.058,119.65,0.85376
24157,345.75,154.91,44.846,109.38,0.78099
24158,363.5,166,41,100,0.45239
24159,513.23,163.87,26.452,64.516,-0.24511
24160,380.82,163.64,44.846,109.38,0.50637
24161,389.59,163.64,44.846,109.38,-0.23059
24162,395.82,151.2,49.058,119.65,0.75258
24163,407.12,163.64,44.846,109.38,0.016386
24164,415.89,163.64,44.846,109.38,0.34931
24165,424.66,163.64,44.846,109.38,-0.075748
24166,442.19,163.64,44.846,109.38,0.81184
24167,443.58,160.8,49.058,119.65,-0.32065
24168,517.88,168,28.991,70.709,0.15618
24169,468.49,172.36,44.846,109.38,-0.22675
24170,481.79,160.8,49.058,119.65,-0.17094
24171,528.71,174.19,26.452,64.516,0.14642
24172,510.45,170.4,49.058,119.65,0.73149
24173,520,170.4,49.058,119.65,0.61634
24174,529.18,164.35,53.647,130.85,1.0498
24175,539.67,164.35,53.647,130.85,0.0054334
24176,560.66,164.35,53.647,130.85,0.16306
24177,586.87,170.4,49.058,119.65,-0.18338
24250,193.46,170.77,31.538,76.923,-0.58829
24258,208.71,189.68,26.452,64.516,0.033682
24260,218.53,174.08,34.577,84.335,-0.53456
24261,218.08,183.08,31.538,76.923,0.30444
24262,211.92,183.08,31.538,76.923,0.049516
24263,213.87,189.68,26.452,64.516,-0.2983
24265,200.71,184.94,28.991,70.709,-0.14022
24266,193.23,189.68,26.452,64.516,-0.72585
